Epoch_Time,Station_Name,Rolling_Sum
2024-01-01 05:00:00,JENB,11.323434950081303
2024-01-01 06:00:00,JENB,2.443382455887961
2024-01-01 07:00:00,JENB,2.5923087946926
2024-01-01 08:00:00,JENB,2.628302773814465
2024-01-01 09:00:00,JENB,2.6340629860080327
2024-01-01 10:00:00,JENB,2.634432394027062
2024-01-01 11:00:00,JENB,2.6345733038828394
2024-01-01 12:00:00,JENB,2.636037428885014
2024-01-01 13:00:00,JENB,2.6415625471204534
2024-01-01 14:00:00,JENB,2.647080634174861
2024-01-01 15:00:00,JENB,2.6525923170888737
2024-01-01 16:00:00,JENB,2.658104000002887
2024-01-01 17:00:00,JENB,2.663628873696437
2024-01-01 18:00:00,JENB,2.6677058874052517
2024-01-01 19:00:00,JENB,2.6702140502987235
2024-01-01 20:00:00,JENB,2.672738461817937
2024-01-01 21:00:00,JENB,2.6752615807600884
2024-01-01 22:00:00,JENB,2.67778469970224
2024-01-01 23:00:00,JENB,2.6802946278648534
2024-01-02 00:00:00,JENB,2.6828122363532256
2024-01-02 01:00:00,JENB,2.2356911168081623
2024-01-02 02:00:00,JENB,1.7885528934465298
2024-01-02 03:00:00,JENB,1.3414146700848972
2024-01-02 04:00:00,JENB,0.8942807226774072
2024-01-02 05:00:00,JENB,0.4473022729807426
2024-01-02 06:00:00,JENB,0.0044020648032867
2024-01-02 07:00:00,JENB,0.0192193480468477
2024-01-02 08:00:00,JENB,0.0393730319508635
2024-01-02 09:00:00,JENB,0.0609640301766238
2024-01-02 10:00:00,JENB,0.08400185005717
2024-01-02 11:00:00,JENB,0.1074929247034719
2024-01-02 12:00:00,JENB,0.1270098265461099
2024-01-02 13:00:00,JENB,0.1359451424887073
2024-01-02 14:00:00,JENB,0.1395440577708497
2024-01-02 15:00:00,JENB,0.141706989804096
2024-01-02 16:00:00,JENB,0.1424221256469385
2024-01-02 17:00:00,JENB,0.1428614897688315
2024-01-02 18:00:00,JENB,0.1490693686283512
2024-01-02 19:00:00,JENB,0.1653731239353969
2024-01-02 20:00:00,JENB,0.225976840859806
2024-01-02 21:00:00,JENB,0.3503991241649101
2024-01-02 22:00:00,JENB,0.4901803355606368
2024-01-02 23:00:00,JENB,0.6343845447033394
2024-01-03 00:00:00,JENB,0.7882782294446704
2024-01-03 01:00:00,JENB,0.8439916373616213
2024-01-03 02:00:00,JENB,1.017784008855727
2024-01-03 03:00:00,JENB,1.259339220620048
2024-01-03 04:00:00,JENB,1.4861611762951097
2024-01-03 05:00:00,JENB,1.721299034328564
2024-01-03 06:00:00,JENB,1.982279599563556
2024-01-03 07:00:00,JENB,2.819027499784043
2024-01-03 08:00:00,JENB,3.976225623648964
2024-01-03 09:00:00,JENB,5.126392226612483
2024-01-03 10:00:00,JENB,6.276906355369635
2024-01-03 11:00:00,JENB,7.414355444792415
2024-01-03 12:00:00,JENB,8.510399767961857
2024-01-03 13:00:00,JENB,9.118763474363314
2024-01-03 14:00:00,JENB,9.24429803192582
2024-01-03 15:00:00,JENB,9.24528137266597
2024-01-03 16:00:00,JENB,9.246146544360426
2024-01-03 17:00:00,JENB,9.247004874528256
2024-01-03 18:00:00,JENB,9.247863204696086
2024-01-03 19:00:00,JENB,9.249579865031746
2024-01-03 20:00:00,JENB,9.25216057861812
2024-01-03 21:00:00,JENB,9.358141057967329
2024-01-03 22:00:00,JENB,9.522794517399136
2024-01-03 23:00:00,JENB,9.717448854379292
2024-01-04 00:00:00,JENB,10.02145288482893
2024-01-04 01:00:00,JENB,8.742175355868813
2024-01-04 02:00:00,JENB,7.784729960235433
2024-01-04 03:00:00,JENB,6.878564335312762
2024-01-04 04:00:00,JENB,6.093315200172165
2024-01-04 05:00:00,JENB,5.430696658044722
2024-01-04 06:00:00,JENB,4.81264259664429
2024-01-04 07:00:00,JENB,5.815298742642573
2024-01-04 08:00:00,JENB,6.52469380220948
2024-01-04 09:00:00,JENB,7.083165466260944
2024-01-04 10:00:00,JENB,7.46165622412216
2024-01-04 11:00:00,JENB,7.69799169389357
2024-01-04 12:00:00,JENB,7.796899549456932
2024-01-04 13:00:00,JENB,7.9011539876914
2024-01-04 14:00:00,JENB,7.985944291114361
2024-01-04 15:00:00,JENB,8.069479146253988
2024-01-04 16:00:00,JENB,8.15265472028818
2024-01-04 17:00:00,JENB,8.225354111850674
2024-01-04 18:00:00,JENB,8.281566943424723
2024-01-04 19:00:00,JENB,8.294146214170878
2024-01-04 20:00:00,JENB,8.296754519582464
2024-01-04 21:00:00,JENB,8.296862132319285
2024-01-04 22:00:00,JENB,8.296862132319285
2024-01-04 23:00:00,JENB,8.296862132319285
2024-01-05 00:00:00,JENB,8.296862132319285
2024-01-05 01:00:00,JENB,6.914051776932737
2024-01-05 02:00:00,JENB,5.531241421546191
2024-01-05 03:00:00,JENB,4.148431066159643
2024-01-05 04:00:00,JENB,2.765620710773095
2024-01-05 05:00:00,JENB,1.3829597313692532
2024-01-05 06:00:00,JENB,0.0018576921078502
2024-01-05 07:00:00,JENB,0.0039714343729464
2024-01-05 08:00:00,JENB,0.0191992195164325
2024-01-05 09:00:00,JENB,0.0664919856157042
2024-01-05 10:00:00,JENB,0.1284917471341739
2024-01-05 11:00:00,JENB,0.1920707133521884
2024-01-05 12:00:00,JENB,0.2564929259189994
2024-01-05 13:00:00,JENB,0.337686386615248
2024-01-05 14:00:00,JENB,0.4513927878121277
2024-01-05 15:00:00,JENB,0.6171993539690446
2024-01-05 16:00:00,JENB,0.893497908792607
2024-01-05 17:00:00,JENB,1.3202589581477628
2024-01-05 18:00:00,JENB,1.8910410755501104
2024-01-05 19:00:00,JENB,2.6628793428531203
2024-01-05 20:00:00,JENB,3.7570869434861778
2024-01-05 21:00:00,JENB,5.098218629413003
2024-01-05 22:00:00,JENB,6.614237211925722
2024-01-05 23:00:00,JENB,8.4044491621267
2024-01-06 00:00:00,JENB,10.815730669026214
2024-01-06 01:00:00,JENB,10.982905322931
2024-01-06 02:00:00,JENB,11.741084891253749
2024-01-06 03:00:00,JENB,12.914677744480969
2024-01-06 04:00:00,JENB,14.512859442154014
2024-01-06 05:00:00,JENB,16.726525391273057
2024-01-06 06:00:00,JENB,19.22890847179115
2024-01-06 07:00:00,JENB,24.213002907030997
2024-01-06 08:00:00,JENB,28.675623680504096
2024-01-06 09:00:00,JENB,32.821022568531625
2024-01-06 10:00:00,JENB,36.69245372936039
2024-01-06 11:00:00,JENB,39.99822993714808
2024-01-06 12:00:00,JENB,42.759196580721536
2024-01-06 13:00:00,JENB,45.64803800511897
2024-01-06 14:00:00,JENB,48.76889516063513
2024-01-06 15:00:00,JENB,52.19453453126887
2024-01-06 16:00:00,JENB,55.95941428155464
2024-01-06 17:00:00,JENB,60.12417351993678
2024-01-06 18:00:00,JENB,64.75443722616338
2024-01-06 19:00:00,JENB,69.63340889003058
2024-01-06 20:00:00,JENB,74.6712460921246
2024-01-06 21:00:00,JENB,79.74670981995243
2024-01-06 22:00:00,JENB,84.65923691992126
2024-01-06 23:00:00,JENB,89.26335933701202
2024-01-07 00:00:00,JENB,93.4364134574318
2024-01-07 01:00:00,JENB,80.27088825606742
2024-01-07 02:00:00,JENB,66.93542727113292
2024-01-07 03:00:00,JENB,53.5270311546299
2024-01-07 04:00:00,JENB,40.2305172859064
2024-01-07 05:00:00,JENB,27.115233473898527
2024-01-07 06:00:00,JENB,14.160429628145003
2024-01-07 07:00:00,JENB,18.26768429007433
2024-01-07 08:00:00,JENB,22.282330748353218
2024-01-07 09:00:00,JENB,26.14106002882825
2024-01-07 10:00:00,JENB,29.79469881509804
2024-01-07 11:00:00,JENB,33.234362895403656
2024-01-07 12:00:00,JENB,36.48235316886688
2024-01-07 13:00:00,JENB,39.64723455132181
2024-01-07 14:00:00,JENB,42.69697149105589
2024-01-07 15:00:00,JENB,45.67223376627109
2024-01-07 16:00:00,JENB,48.59750958567813
2024-01-07 17:00:00,JENB,51.48071276628516
2024-01-07 18:00:00,JENB,54.237745267593006
2024-01-07 19:00:00,JENB,56.88204385133625
2024-01-07 20:00:00,JENB,59.38097521070817
2024-01-07 21:00:00,JENB,61.721615098711545
2024-01-07 22:00:00,JENB,63.87360259562287
2024-01-07 23:00:00,JENB,65.77785765270764
2024-01-08 00:00:00,JENB,67.4808774059047
2024-01-08 01:00:00,JENB,57.11268996412451
2024-01-08 02:00:00,JENB,46.57222633243487
2024-01-08 03:00:00,JENB,35.827405099781025
2024-01-08 04:00:00,JENB,24.86887548087104
2024-01-08 05:00:00,JENB,13.73743074713509
2024-01-08 06:00:00,JENB,2.483555364639167
2024-01-08 07:00:00,JENB,3.034914052567672
2024-01-08 08:00:00,JENB,3.54686339672097
2024-01-08 09:00:00,JENB,4.006595451500871
2024-01-08 10:00:00,JENB,4.4088507695192565
2024-01-08 11:00:00,JENB,4.759100109536366
2024-01-08 12:00:00,JENB,5.067393544139648
2024-01-08 13:00:00,JENB,5.30077663947339
2024-01-08 14:00:00,JENB,5.454545660951438
2024-01-08 15:00:00,JENB,5.568657593131269
2024-01-08 16:00:00,JENB,5.684904709641165
2024-01-08 17:00:00,JENB,5.816808049227735
2024-01-08 18:00:00,JENB,5.9621736287837725
2024-01-08 19:00:00,JENB,6.125176763571418
2024-01-08 20:00:00,JENB,6.296720758694531
2024-01-08 21:00:00,JENB,6.472551032836704
2024-01-08 22:00:00,JENB,6.636028648167602
2024-01-08 23:00:00,JENB,6.77179973418267
2024-01-09 00:00:00,JENB,6.877226313405722
2024-01-09 01:00:00,JENB,5.778459453091855
2024-01-09 02:00:00,JENB,4.661781412271333
2024-01-09 03:00:00,JENB,3.530066329228847
2024-01-09 04:00:00,JENB,2.3871327100550874
2024-01-09 05:00:00,JENB,1.2381377394082211
2024-01-09 06:00:00,JENB,0.0848434975487662
2024-01-09 07:00:00,JENB,0.1016260290480037
2024-01-09 08:00:00,JENB,0.115473461139789
2024-01-09 09:00:00,JENB,0.1275892286493443
2024-01-09 10:00:00,JENB,0.1374160645743375
2024-01-09 11:00:00,JENB,0.1451265669087519
2024-01-09 12:00:00,JENB,0.1511684356317438
2024-01-09 13:00:00,JENB,0.1549486257706549
2024-01-09 14:00:00,JENB,0.1569806586354367
2024-01-09 15:00:00,JENB,0.1576561726610939
2024-01-09 16:00:00,JENB,0.1580780955155689
2024-01-09 17:00:00,JENB,0.1585102838499252
2024-01-09 18:00:00,JENB,0.1598123524659071
2024-01-09 19:00:00,JENB,0.1607687794512041
2024-01-09 20:00:00,JENB,0.1617892100121472
2024-01-09 21:00:00,JENB,0.1629120375426857
2024-01-09 22:00:00,JENB,0.1641482829503784
2024-01-09 23:00:00,JENB,0.165495516399228
2024-01-10 00:00:00,JENB,0.1661304531103128
2024-01-10 01:00:00,JENB,0.1388033517497849
2024-01-10 02:00:00,JENB,0.1119934151956514
2024-01-10 03:00:00,JENB,0.0852961654539476
2024-01-10 04:00:00,JENB,0.0588177649596332
2024-01-10 05:00:00,JENB,0.0323578993991213
2024-01-10 06:00:00,JENB,0.0058606242480198
2024-01-10 07:00:00,JENB,0.0072713377163407
2024-01-10 08:00:00,JENB,0.0081638806963115
2024-01-10 09:00:00,JENB,0.0088575885199978
2024-01-10 10:00:00,JENB,0.0096543890346482
2024-01-10 11:00:00,JENB,0.010340139657465
2024-01-10 12:00:00,JENB,0.0109057163270106
2024-01-10 13:00:00,JENB,0.011438795745075
2024-01-10 14:00:00,JENB,0.011908877269449
2024-01-10 15:00:00,JENB,0.0123627101680824
2024-01-10 16:00:00,JENB,0.0128043765036382
2024-01-10 17:00:00,JENB,0.0136567230611887
2024-01-10 18:00:00,JENB,0.0149339719778572
2024-01-10 19:00:00,JENB,0.0162112208945257
2024-01-10 20:00:00,JENB,0.0174884698111942
2024-01-10 21:00:00,JENB,0.0187639906252289
2024-01-10 22:00:00,JENB,0.0196206464853016
2024-01-10 23:00:00,JENB,0.0200481490402539
2024-01-11 00:00:00,JENB,0.0200507492360883
2024-01-11 01:00:00,JENB,0.0167099697775517
2024-01-11 02:00:00,JENB,0.0133691903190152
2024-01-11 03:00:00,JENB,0.0100301389631125
2024-01-11 04:00:00,JENB,0.0066867593087417
2024-01-11 05:00:00,JENB,0.0033433796543708
2024-01-11 06:00:00,JENB,0.0
2024-01-11 07:00:00,JENB,0.0
2024-01-11 08:00:00,JENB,0.0
2024-01-11 09:00:00,JENB,0.0
2024-01-11 10:00:00,JENB,0.0
2024-01-11 11:00:00,JENB,0.0
2024-01-11 12:00:00,JENB,0.0
2024-01-11 13:00:00,JENB,0.0
2024-01-11 14:00:00,JENB,0.0
2024-01-11 15:00:00,JENB,0.0
2024-01-11 16:00:00,JENB,0.0
2024-01-11 17:00:00,JENB,0.0
2024-01-11 18:00:00,JENB,0.0
2024-01-11 19:00:00,JENB,0.0
2024-01-11 20:00:00,JENB,0.0
2024-01-11 21:00:00,JENB,0.0
2024-01-11 22:00:00,JENB,0.0
2024-01-11 23:00:00,JENB,0.0
2024-01-12 00:00:00,JENB,0.0
2024-01-12 01:00:00,JENB,0.0
2024-01-12 02:00:00,JENB,0.0
2024-01-12 03:00:00,JENB,0.0
2024-01-12 04:00:00,JENB,8.070805976897982e-05
2024-01-12 05:00:00,JENB,0.0003424540900939
2024-01-12 06:00:00,JENB,0.0008356605968879
2024-01-12 07:00:00,JENB,0.0035303251180474
2024-01-12 08:00:00,JENB,0.0078711098388666
2024-01-12 09:00:00,JENB,0.013566739980903
2024-01-12 10:00:00,JENB,0.0201621975590235
2024-01-12 11:00:00,JENB,0.0271419582397659
2024-01-12 12:00:00,JENB,0.0339972287180926
2024-01-12 13:00:00,JENB,0.0386510411820539
2024-01-12 14:00:00,JENB,0.0416587334463555
2024-01-12 15:00:00,JENB,0.0433174700520279
2024-01-12 16:00:00,JENB,0.0439990919251611
2024-01-12 17:00:00,JENB,0.0441153727251164
2024-01-12 18:00:00,JENB,0.0441310716672046
2024-01-12 19:00:00,JENB,0.0441467706092928
2024-01-12 20:00:00,JENB,0.0443063108550718
2024-01-12 21:00:00,JENB,0.0446124000933948
2024-01-12 22:00:00,JENB,0.0449942132456255
2024-01-12 23:00:00,JENB,0.0453760263978563
2024-01-13 00:00:00,JENB,0.0457514511339007
2024-01-13 01:00:00,JENB,0.0383872752066918
2024-01-13 02:00:00,JENB,0.0308792579757921
2024-01-13 03:00:00,JENB,0.0232550766334868
2024-01-13 04:00:00,JENB,0.0155484529190757
2024-01-13 05:00:00,JENB,0.0078418292046646
2024-01-13 06:00:00,JENB,0.0001747778288644
2024-01-13 07:00:00,JENB,0.0002473271163175
2024-01-13 08:00:00,JENB,0.0003924256912238
2024-01-13 09:00:00,JENB,0.0005012496224035
2024-01-13 10:00:00,JENB,0.0006133712484675
2024-01-13 11:00:00,JENB,0.0007254928745314
2024-01-13 12:00:00,JENB,0.0007980421619846
2024-01-13 13:00:00,JENB,0.0008705914494377
2024-01-13 14:00:00,JENB,0.0008705914494377
2024-01-13 15:00:00,JENB,0.0008639960596693
2024-01-13 16:00:00,JENB,0.0008639960596693
2024-01-13 17:00:00,JENB,0.0008639960596693
2024-01-13 18:00:00,JENB,0.0008639960596693
2024-01-13 19:00:00,JENB,0.0008639960596693
2024-01-13 20:00:00,JENB,0.0008639960596693
2024-01-13 21:00:00,JENB,0.0008705914494377
2024-01-13 22:00:00,JENB,0.0008705914494377
2024-01-13 23:00:00,JENB,0.0008705914494377
2024-01-14 00:00:00,JENB,0.0008705914494377
2024-01-14 01:00:00,JENB,0.0007254928745314
2024-01-14 02:00:00,JENB,0.0005803942996251
2024-01-14 03:00:00,JENB,0.0004352957247188
2024-01-14 04:00:00,JENB,0.0002901971498125
2024-01-14 05:00:00,JENB,0.0001450985749062
2024-01-14 06:00:00,JENB,0.0
2024-01-14 07:00:00,JENB,0.0
2024-01-14 08:00:00,JENB,0.0
2024-01-14 09:00:00,JENB,0.0
2024-01-14 10:00:00,JENB,0.0004276632239452
2024-01-14 11:00:00,JENB,0.0008553264478905
2024-01-14 12:00:00,JENB,0.0012829896718358
2024-01-14 13:00:00,JENB,0.001710652895781
2024-01-14 14:00:00,JENB,0.0025671735670584
2024-01-14 15:00:00,JENB,0.0034218045357192
2024-01-14 16:00:00,JENB,0.0038483319144688
2024-01-14 17:00:00,JENB,0.0042759953089444
2024-01-14 18:00:00,JENB,0.0047036587034199
2024-01-14 19:00:00,JENB,0.0051402627718744
2024-01-14 20:00:00,JENB,0.0051480093929967
2024-01-14 21:00:00,JENB,0.0051717080853242
2024-01-14 22:00:00,JENB,0.0077338894666648
2024-01-14 23:00:00,JENB,0.0362726865710687
2024-01-15 00:00:00,JENB,0.1155681378287545
2024-01-15 01:00:00,JENB,0.1573300046588806
2024-01-15 02:00:00,JENB,0.2270244993474652
2024-01-15 03:00:00,JENB,0.3252166483529623
2024-01-15 04:00:00,JENB,0.467829035552902
2024-01-15 05:00:00,JENB,0.7169018110007296
2024-01-15 06:00:00,JENB,1.126959072434671
2024-01-15 07:00:00,JENB,1.7558242961645345
2024-01-15 08:00:00,JENB,2.5055911880112665
2024-01-15 09:00:00,JENB,3.3537315972584354
2024-01-15 10:00:00,JENB,4.295961553323227
2024-01-15 11:00:00,JENB,5.241819792883275
2024-01-15 12:00:00,JENB,6.130911175671351
2024-01-15 13:00:00,JENB,7.025584432529459
2024-01-15 14:00:00,JENB,7.956603929466794
2024-01-15 15:00:00,JENB,8.999448999990559
2024-01-15 16:00:00,JENB,10.293727926569488
2024-01-15 17:00:00,JENB,11.955687935550044
2024-01-15 18:00:00,JENB,14.097766433740828
2024-01-15 19:00:00,JENB,16.556593141094158
2024-01-15 20:00:00,JENB,19.394086236264023
2024-01-15 21:00:00,JENB,22.37988858325605
2024-01-15 22:00:00,JENB,25.377515462120986
2024-01-15 23:00:00,JENB,28.163255793456685
2024-01-16 00:00:00,JENB,30.52480246777912
2024-01-16 01:00:00,JENB,26.62413769493277
2024-01-16 02:00:00,JENB,22.220720540745905
2024-01-16 03:00:00,JENB,17.456059259632504
2024-01-16 04:00:00,JENB,12.29854544519137
2024-01-16 05:00:00,JENB,6.854661053135774
2024-01-16 06:00:00,JENB,1.2030827229878855
2024-01-16 07:00:00,JENB,1.3126371978217886
2024-01-16 08:00:00,JENB,1.363072265227833
2024-01-16 09:00:00,JENB,1.3892204735604097
2024-01-16 10:00:00,JENB,1.404380752567147
2024-01-16 11:00:00,JENB,1.414050650834013
2024-01-16 12:00:00,JENB,1.4205206940231396
2024-01-16 13:00:00,JENB,1.4244559776243335
2024-01-16 14:00:00,JENB,1.4264161261228112
2024-01-16 15:00:00,JENB,1.4268872011267657
2024-01-16 16:00:00,JENB,1.4268925235211103
2024-01-16 17:00:00,JENB,1.4268978459154558
2024-01-16 18:00:00,JENB,1.4268978459154558
2024-01-16 19:00:00,JENB,1.4268978459154558
2024-01-16 20:00:00,JENB,1.4268978459154558
2024-01-16 21:00:00,JENB,1.4268978459154558
2024-01-16 22:00:00,JENB,1.4268978459154558
2024-01-16 23:00:00,JENB,1.4268978459154558
2024-01-17 00:00:00,JENB,1.4276615112545443
2024-01-17 01:00:00,JENB,1.2003722531227243
2024-01-17 02:00:00,JENB,0.9798114465250564
2024-01-17 03:00:00,JENB,0.7616897800056075
2024-01-17 04:00:00,JENB,0.5481600599424549
2024-01-17 05:00:00,JENB,0.3402137673429765
2024-01-17 06:00:00,JENB,0.1475378876968568
2024-01-17 07:00:00,JENB,0.3612143033193353
2024-01-17 08:00:00,JENB,0.8191257032995665
2024-01-17 09:00:00,JENB,1.4218576068621682
2024-01-17 10:00:00,JENB,2.132847290924836
2024-01-17 11:00:00,JENB,3.1047721818418568
2024-01-17 12:00:00,JENB,4.388808710617909
2024-01-17 13:00:00,JENB,5.5368296943618125
2024-01-17 14:00:00,JENB,6.436647316064994
2024-01-17 15:00:00,JENB,7.19073707072262
2024-01-17 16:00:00,JENB,7.832576528128186
2024-01-17 17:00:00,JENB,8.208317321979639
2024-01-17 18:00:00,JENB,8.2565943244926
2024-01-17 19:00:00,JENB,8.265092254487605
2024-01-17 20:00:00,JENB,8.276735669309062
2024-01-17 21:00:00,JENB,8.298000627619393
2024-01-17 22:00:00,JENB,8.365080305098521
2024-01-17 23:00:00,JENB,8.574151748663338
2024-01-18 00:00:00,JENB,9.052432099436174
2024-01-18 01:00:00,JENB,8.08883869299846
2024-01-18 02:00:00,JENB,7.805080609551056
2024-01-18 03:00:00,JENB,8.647557416974916
2024-01-18 04:00:00,JENB,10.804767454431818
2024-01-18 05:00:00,JENB,13.691824189295955
2024-01-18 06:00:00,JENB,16.52689114764064
2024-01-18 07:00:00,JENB,20.808596196140137
2024-01-18 08:00:00,JENB,24.458205126160163
2024-01-18 09:00:00,JENB,27.13626329310116
2024-01-18 10:00:00,JENB,28.54020674217633
2024-01-18 11:00:00,JENB,29.17157464245368
2024-01-18 12:00:00,JENB,29.817270726558487
2024-01-18 13:00:00,JENB,30.56126745347689
2024-01-18 14:00:00,JENB,31.27592855034502
2024-01-18 15:00:00,JENB,31.871444986121936
2024-01-18 16:00:00,JENB,32.55856886574105
2024-01-18 17:00:00,JENB,33.768281201276345
2024-01-18 18:00:00,JENB,35.85940542828853
2024-01-18 19:00:00,JENB,38.78188735160259
2024-01-18 20:00:00,JENB,42.46426760108619
2024-01-18 21:00:00,JENB,46.59340658586423
2024-01-18 22:00:00,JENB,50.88550155903837
2024-01-18 23:00:00,JENB,54.8376297026185
2024-01-19 00:00:00,JENB,57.97580227386407
2024-01-19 01:00:00,JENB,49.98588989723712
2024-01-19 02:00:00,JENB,41.72362447398678
2024-01-19 03:00:00,JENB,33.60434446243586
2024-01-19 04:00:00,JENB,25.71056482965098
2024-01-19 05:00:00,JENB,18.02430355101888
2024-01-19 06:00:00,JENB,10.421395212679643
2024-01-19 07:00:00,JENB,13.238964385931125
2024-01-19 08:00:00,JENB,15.787074850985858
2024-01-19 09:00:00,JENB,17.91468788377116
2024-01-19 10:00:00,JENB,19.700856283403706
2024-01-19 11:00:00,JENB,21.17474877995611
2024-01-19 12:00:00,JENB,22.333642662627334
2024-01-19 13:00:00,JENB,23.329913958721185
2024-01-19 14:00:00,JENB,24.12963906697233
2024-01-19 15:00:00,JENB,24.73772562893013
2024-01-19 16:00:00,JENB,25.12997729212503
2024-01-19 17:00:00,JENB,25.348259835358377
2024-01-19 18:00:00,JENB,25.50397658263044
2024-01-19 19:00:00,JENB,25.6014391204446
2024-01-19 20:00:00,JENB,25.662406014089772
2024-01-19 21:00:00,JENB,25.708911296961823
2024-01-19 22:00:00,JENB,25.75069752890852
2024-01-19 23:00:00,JENB,25.789683095062134
2024-01-20 00:00:00,JENB,25.82326343554165
2024-01-20 01:00:00,JENB,21.53663238909321
2024-01-20 02:00:00,JENB,17.240773249195932
2024-01-20 03:00:00,JENB,12.935187197277015
2024-01-20 04:00:00,JENB,8.624563172724562
2024-01-20 05:00:00,JENB,4.313207573997593
2024-01-20 06:00:00,JENB,0.0018160366488785
2024-01-20 07:00:00,JENB,0.0022523934558757
2024-01-20 08:00:00,JENB,0.002736832556844
2024-01-20 09:00:00,JENB,0.0031086495621807
2024-01-20 10:00:00,JENB,0.0034205499973931
2024-01-20 11:00:00,JENB,0.0036868475079307
2024-01-20 12:00:00,JENB,0.0039202203925723
2024-01-20 13:00:00,JENB,0.0040938920592274
2024-01-20 14:00:00,JENB,0.0040937024048231
2024-01-20 15:00:00,JENB,0.0040937024048231
2024-01-20 16:00:00,JENB,0.0040805116252861
2024-01-20 17:00:00,JENB,0.0040673208457492
2024-01-20 18:00:00,JENB,0.0040541300662123
2024-01-20 19:00:00,JENB,0.0040409392866753
2024-01-20 20:00:00,JENB,0.0040277485071384
2024-01-20 21:00:00,JENB,0.0040145577276014
2024-01-20 22:00:00,JENB,0.0040145577276014
2024-01-20 23:00:00,JENB,0.0040145577276014
2024-01-21 00:00:00,JENB,0.0040145577276014
2024-01-21 01:00:00,JENB,0.0033454647730012
2024-01-21 02:00:00,JENB,0.0026763718184009
2024-01-21 03:00:00,JENB,0.0020072788638007
2024-01-21 04:00:00,JENB,0.0013381859092004
2024-01-21 05:00:00,JENB,0.0006690929546002
2024-01-21 06:00:00,JENB,0.0
2024-01-21 07:00:00,JENB,0.0
2024-01-21 08:00:00,JENB,0.0
2024-01-21 09:00:00,JENB,0.0
2024-01-21 10:00:00,JENB,0.0
2024-01-21 11:00:00,JENB,0.0
2024-01-21 12:00:00,JENB,0.0
2024-01-21 13:00:00,JENB,0.0
2024-01-21 14:00:00,JENB,0.0
2024-01-21 15:00:00,JENB,0.0
2024-01-21 16:00:00,JENB,0.0
2024-01-21 17:00:00,JENB,0.0
2024-01-21 18:00:00,JENB,0.0
2024-01-21 19:00:00,JENB,0.0
2024-01-21 20:00:00,JENB,0.0
2024-01-21 21:00:00,JENB,0.0
2024-01-21 22:00:00,JENB,0.0
2024-01-21 23:00:00,JENB,0.0
2024-01-22 00:00:00,JENB,0.0
2024-01-22 01:00:00,JENB,0.0
2024-01-22 02:00:00,JENB,0.0
2024-01-22 03:00:00,JENB,0.0
2024-01-22 04:00:00,JENB,0.0
2024-01-22 05:00:00,JENB,0.0
2024-01-22 06:00:00,JENB,0.0
2024-01-22 07:00:00,JENB,0.0
2024-01-22 08:00:00,JENB,0.0
2024-01-22 09:00:00,JENB,0.0
2024-01-22 10:00:00,JENB,0.0
2024-01-22 11:00:00,JENB,0.0
2024-01-22 12:00:00,JENB,0.0
2024-01-22 13:00:00,JENB,0.0009629158935657
2024-01-22 14:00:00,JENB,0.0020397489723585
2024-01-22 15:00:00,JENB,0.0031349039756589
2024-01-22 16:00:00,JENB,0.0042300589789594
2024-01-22 17:00:00,JENB,0.0061043581249306
2024-01-22 18:00:00,JENB,0.1073417001001953
2024-01-22 19:00:00,JENB,0.5180246415976959
2024-01-22 20:00:00,JENB,1.7667689670495066
2024-01-22 21:00:00,JENB,3.375083330518612
2024-01-22 22:00:00,JENB,5.33571043117665
2024-01-22 23:00:00,JENB,7.5888312121077055
2024-01-23 00:00:00,JENB,9.863514586318866
2024-01-23 01:00:00,JENB,9.621900850995742
2024-01-23 02:00:00,JENB,8.600566870009889
2024-01-23 03:00:00,JENB,7.3476106941483
2024-01-23 04:00:00,JENB,5.900321461501375
2024-01-23 05:00:00,JENB,4.472190621921683
2024-01-23 06:00:00,JENB,3.3223772077746365
2024-01-23 07:00:00,JENB,4.824619597341815
2024-01-23 08:00:00,JENB,6.510371309174673
2024-01-23 09:00:00,JENB,8.38106792249947
2024-01-23 10:00:00,JENB,10.511730488877774
2024-01-23 11:00:00,JENB,12.738850680900407
2024-01-23 12:00:00,JENB,14.918162351840532
2024-01-23 13:00:00,JENB,16.914246081856692
2024-01-23 14:00:00,JENB,18.77605834968609
2024-01-23 15:00:00,JENB,20.34234705222368
2024-01-23 16:00:00,JENB,21.4967112804368
2024-01-23 17:00:00,JENB,22.2455127762347
2024-01-23 18:00:00,JENB,22.64378433589162
2024-01-23 19:00:00,JENB,22.79875174454636
2024-01-23 20:00:00,JENB,22.84841705583959
2024-01-23 21:00:00,JENB,22.932645544212512
2024-01-23 22:00:00,JENB,23.31408724905021
2024-01-23 23:00:00,JENB,24.385405790592305
2024-01-24 00:00:00,JENB,26.32186698584834
2024-01-24 01:00:00,JENB,23.009631943865287
2024-01-24 02:00:00,JENB,19.75534077495197
2024-01-24 03:00:00,JENB,16.44967437553487
2024-01-24 04:00:00,JENB,12.84077360052036
2024-01-24 05:00:00,JENB,8.538669878089415
2024-01-24 06:00:00,JENB,3.370518897625982
2024-01-24 07:00:00,JENB,3.432254709164758
2024-01-24 08:00:00,JENB,3.4400557118971395
2024-01-24 09:00:00,JENB,3.447414736229055
2024-01-24 10:00:00,JENB,3.454822782189753
2024-01-24 11:00:00,JENB,3.462230828150452
2024-01-24 12:00:00,JENB,3.4696388741111504
2024-01-24 13:00:00,JENB,3.4762212476391285
2024-01-24 14:00:00,JENB,3.480531384139072
2024-01-24 15:00:00,JENB,3.506099125168313
2024-01-24 16:00:00,JENB,3.633522680514275
2024-01-24 17:00:00,JENB,3.926206900784185
2024-01-24 18:00:00,JENB,4.465264736277845
2024-01-24 19:00:00,JENB,5.691307668821743
2024-01-24 20:00:00,JENB,7.701562599000155
2024-01-24 21:00:00,JENB,10.74392614889469
2024-01-24 22:00:00,JENB,14.689774794568294
2024-01-24 23:00:00,JENB,19.507451546101272
2024-01-25 00:00:00,JENB,25.140678746211652
2024-01-25 01:00:00,JENB,24.300999776151084
2024-01-25 02:00:00,JENB,23.87491246340861
2024-01-25 03:00:00,JENB,23.607164567664825
2024-01-25 04:00:00,JENB,23.73558393091613
2024-01-25 05:00:00,JENB,24.297783060781413
2024-01-25 06:00:00,JENB,25.342701340114093
2024-01-25 07:00:00,JENB,34.17034862984795
2024-01-25 08:00:00,JENB,43.65929345723968
2024-01-25 09:00:00,JENB,53.07325025197478
2024-01-25 10:00:00,JENB,61.587922061693845
2024-01-25 11:00:00,JENB,68.87459365547467
2024-01-25 12:00:00,JENB,74.70327021453616
2024-01-25 13:00:00,JENB,78.58722371991173
2024-01-25 14:00:00,JENB,80.64570653486746
2024-01-25 15:00:00,JENB,81.6231692025983
2024-01-25 16:00:00,JENB,82.23191245197506
2024-01-25 17:00:00,JENB,82.84074384644833
2024-01-25 18:00:00,JENB,83.6722396969445
2024-01-25 19:00:00,JENB,84.70049228624428
2024-01-25 20:00:00,JENB,85.9554947848851
2024-01-25 21:00:00,JENB,87.46213332404227
2024-01-25 22:00:00,JENB,89.16347400142654
2024-01-25 23:00:00,JENB,90.95120115539213
2024-01-26 00:00:00,JENB,92.75377594822224
2024-01-26 01:00:00,JENB,78.37122638194296
2024-01-26 02:00:00,JENB,64.1051604071489
2024-01-26 03:00:00,JENB,49.914120144055225
2024-01-26 04:00:00,JENB,35.67061708740618
2024-01-26 05:00:00,JENB,21.18774153521583
2024-01-26 06:00:00,JENB,6.412765096481735
2024-01-26 07:00:00,JENB,7.65726846945013
2024-01-26 08:00:00,JENB,8.599649393304531
2024-01-26 09:00:00,JENB,9.223668342836648
2024-01-26 10:00:00,JENB,9.60505575501107
2024-01-26 11:00:00,JENB,9.910267283956648
2024-01-26 12:00:00,JENB,10.185743548582773
2024-01-26 13:00:00,JENB,10.378098075192083
2024-01-26 14:00:00,JENB,10.56962121976766
2024-01-26 15:00:00,JENB,11.133633179563189
2024-01-26 16:00:00,JENB,12.341842121668176
2024-01-26 17:00:00,JENB,14.446197399056931
2024-01-26 18:00:00,JENB,17.7201631514244
2024-01-26 19:00:00,JENB,22.12642808012965
2024-01-26 20:00:00,JENB,27.254653489949
2024-01-26 21:00:00,JENB,32.6233185265752
2024-01-26 22:00:00,JENB,37.76794995100445
2024-01-26 23:00:00,JENB,42.33892262776519
2024-01-27 00:00:00,JENB,46.00305887086338
2024-01-27 01:00:00,JENB,40.02786925708975
2024-01-27 02:00:00,JENB,33.38488368865484
2024-01-27 03:00:00,JENB,26.15974008833897
2024-01-27 04:00:00,JENB,18.54770280556033
2024-01-27 05:00:00,JENB,10.658962255555336
2024-01-27 06:00:00,JENB,2.5540595515744844
2024-01-27 07:00:00,JENB,2.989491374508896
2024-01-27 08:00:00,JENB,3.336402497054773
2024-01-27 09:00:00,JENB,3.608362173220681
2024-01-27 10:00:00,JENB,3.824341141090792
2024-01-27 11:00:00,JENB,3.982511846649362
2024-01-27 12:00:00,JENB,4.091746542294146
2024-01-27 13:00:00,JENB,4.167598054583318
2024-01-27 14:00:00,JENB,4.199767923509482
2024-01-27 15:00:00,JENB,4.211988119971105
2024-01-27 16:00:00,JENB,4.2137467665536406
2024-01-27 17:00:00,JENB,4.213735170000911
2024-01-27 18:00:00,JENB,4.213723573448181
2024-01-27 19:00:00,JENB,4.213711976895452
2024-01-27 20:00:00,JENB,4.213700380342722
2024-01-27 21:00:00,JENB,4.213688783789992
2024-01-27 22:00:00,JENB,4.213689163098801
2024-01-27 23:00:00,JENB,4.213689163098801
2024-01-28 00:00:00,JENB,4.213689163098801
2024-01-28 01:00:00,JENB,3.511407635915668
2024-01-28 02:00:00,JENB,2.809126108732534
2024-01-28 03:00:00,JENB,2.1068445815494004
2024-01-28 04:00:00,JENB,1.404563054366267
2024-01-28 05:00:00,JENB,0.7022815271831335
2024-01-28 06:00:00,JENB,0.0
2024-01-28 07:00:00,JENB,0.0
2024-01-28 08:00:00,JENB,0.0
2024-01-28 09:00:00,JENB,0.0
2024-01-28 10:00:00,JENB,0.0
2024-01-28 11:00:00,JENB,0.0
2024-01-28 12:00:00,JENB,0.0
2024-01-28 13:00:00,JENB,0.0
2024-01-28 14:00:00,JENB,0.0
2024-01-28 15:00:00,JENB,0.0
2024-01-28 16:00:00,JENB,0.0
2024-01-28 17:00:00,JENB,0.0
2024-01-28 18:00:00,JENB,0.0004351138045421
2024-01-28 19:00:00,JENB,0.0008702276090843
2024-01-28 20:00:00,JENB,0.0013053414136265
2024-01-28 21:00:00,JENB,0.0017404552181687
2024-01-28 22:00:00,JENB,0.0021755690227109
2024-01-28 23:00:00,JENB,0.0026106828272531
2024-01-29 00:00:00,JENB,0.0026106828272531
2024-01-29 01:00:00,JENB,0.0021755690227109
2024-01-29 02:00:00,JENB,0.0017404552181687
2024-01-29 03:00:00,JENB,0.0013053414136265
2024-01-29 04:00:00,JENB,0.0008702276090843
2024-01-29 05:00:00,JENB,0.0004351138045421
2024-01-29 06:00:00,JENB,0.0
2024-01-29 07:00:00,JENB,0.0004276632239452
2024-01-29 08:00:00,JENB,0.0008553264478905
2024-01-29 09:00:00,JENB,0.0012829896718358
2024-01-29 10:00:00,JENB,0.001710652895781
2024-01-29 11:00:00,JENB,0.0021383161197263
2024-01-29 12:00:00,JENB,0.0025659793436716
2024-01-29 13:00:00,JENB,0.0025659793436716
2024-01-29 14:00:00,JENB,0.0025659793436716
2024-01-29 15:00:00,JENB,0.0025659793436716
2024-01-29 16:00:00,JENB,0.0034257763559253
2024-01-29 17:00:00,JENB,0.004285573368179
2024-01-29 18:00:00,JENB,0.0051453703804327
2024-01-29 19:00:00,JENB,0.0060081476931372
2024-01-29 20:00:00,JENB,0.0068709250058418
2024-01-29 21:00:00,JENB,0.0077337019774859
2024-01-29 22:00:00,JENB,0.0077366819368762
2024-01-29 23:00:00,JENB,0.0085920084984536
2024-01-30 00:00:00,JENB,0.009447335060031
2024-01-30 01:00:00,JENB,0.0081568945233811
2024-01-30 02:00:00,JENB,0.0068664539867313
2024-01-30 03:00:00,JENB,0.005576013791142
2024-01-30 04:00:00,JENB,0.0042855735955527
2024-01-30 05:00:00,JENB,0.0021427867977763
2024-01-30 06:00:00,JENB,0.0
2024-01-30 07:00:00,JENB,0.0
2024-01-30 08:00:00,JENB,0.0
2024-01-30 09:00:00,JENB,0.0
2024-01-30 10:00:00,JENB,0.0008583068620282
2024-01-30 11:00:00,JENB,0.0017166137240565
2024-01-30 12:00:00,JENB,0.0025749205860847
2024-01-30 13:00:00,JENB,0.003433227448113
2024-01-30 14:00:00,JENB,0.0042915343101412
2024-01-30 15:00:00,JENB,0.0051498411721695
2024-01-30 16:00:00,JENB,0.0051498411721695
2024-01-30 17:00:00,JENB,0.0051498411721695
2024-01-30 18:00:00,JENB,0.0051498411721695
2024-01-30 19:00:00,JENB,0.0051498411721695
2024-01-30 20:00:00,JENB,0.0051498411721695
2024-01-30 21:00:00,JENB,0.0051498411721695
2024-01-30 22:00:00,JENB,0.0051498411721695
2024-01-30 23:00:00,JENB,0.0051498411721695
2024-01-31 00:00:00,JENB,0.0051498411721695
2024-01-31 01:00:00,JENB,0.0042915343101412
2024-01-31 02:00:00,JENB,0.003433227448113
2024-01-31 03:00:00,JENB,0.0025749205860847
2024-01-31 04:00:00,JENB,0.0017166137240565
2024-01-31 05:00:00,JENB,0.0008583068620282
2024-01-31 06:00:00,JENB,0.0
2024-01-31 07:00:00,JENB,0.0
2024-01-31 08:00:00,JENB,0.0
2024-01-31 09:00:00,JENB,0.0004276632239452
2024-01-31 10:00:00,JENB,0.0008553264478905
2024-01-31 11:00:00,JENB,0.0012829896718358
2024-01-31 12:00:00,JENB,0.001710652895781
2024-01-31 13:00:00,JENB,0.0021457667003232
2024-01-31 14:00:00,JENB,0.0025808805048654
2024-01-31 15:00:00,JENB,0.0025883310854624
2024-01-31 16:00:00,JENB,0.0025957816660593
2024-01-31 17:00:00,JENB,0.0026032322466562
2024-01-31 18:00:00,JENB,0.0026106828272531
2024-01-31 19:00:00,JENB,0.0026106828272531
2024-01-31 20:00:00,JENB,0.0026106828272531
2024-01-31 21:00:00,JENB,0.0026106828272531
2024-01-31 22:00:00,JENB,0.0026106828272531
2024-01-31 23:00:00,JENB,0.0026106828272531
2024-02-01 00:00:00,JENB,0.0026106828272531
2024-02-01 01:00:00,JENB,0.0021755690227109
2024-02-01 02:00:00,JENB,0.0017404552181687
2024-02-01 03:00:00,JENB,0.0013053414136265
2024-02-01 04:00:00,JENB,0.0008702276090843
2024-02-01 05:00:00,JENB,0.0004351138045421
2024-02-01 06:00:00,JENB,0.0
2024-02-01 07:00:00,JENB,0.0044736792844709
2024-02-01 08:00:00,JENB,0.0435058918393082
2024-02-01 09:00:00,JENB,0.2544797697179885
2024-02-01 10:00:00,JENB,0.9489110833471232
2024-02-01 11:00:00,JENB,2.307744222986319
2024-02-01 12:00:00,JENB,4.284603187760075
2024-02-01 13:00:00,JENB,6.968307746131524
2024-02-01 14:00:00,JENB,10.417621821125266
2024-02-01 15:00:00,JENB,14.40351477043752
2024-02-01 16:00:00,JENB,18.441871982238897
2024-02-01 17:00:00,JENB,22.232875583804333
2024-02-01 18:00:00,JENB,25.69688271905361
2024-02-01 19:00:00,JENB,28.674367988881368
2024-02-01 20:00:00,JENB,31.27873636479373
2024-02-01 21:00:00,JENB,33.566180975148185
2024-02-01 22:00:00,JENB,35.65246588586418
2024-02-01 23:00:00,JENB,37.637918370475525
2024-02-02 00:00:00,JENB,39.69334424172974
2024-02-02 01:00:00,JENB,34.36253216013421
2024-02-02 02:00:00,JENB,28.87243935334163
2024-02-02 03:00:00,JENB,23.163312415542528
2024-02-02 04:00:00,JENB,17.286782474448138
2024-02-02 05:00:00,JENB,11.265364817644452
2024-02-02 06:00:00,JENB,4.978258724169331
2024-02-02 07:00:00,JENB,5.980146368463728
2024-02-02 08:00:00,JENB,6.816707165020543
2024-02-02 09:00:00,JENB,7.564478913628666
2024-02-02 10:00:00,JENB,8.213737824924324
2024-02-02 11:00:00,JENB,8.862366103719172
2024-02-02 12:00:00,JENB,9.640254337172845
2024-02-02 13:00:00,JENB,10.792473339133274
2024-02-02 14:00:00,JENB,12.169960106451892
2024-02-02 15:00:00,JENB,13.720413956769049
2024-02-02 16:00:00,JENB,15.246490892643044
2024-02-02 17:00:00,JENB,16.604231129619922
2024-02-02 18:00:00,JENB,17.73742371063703
2024-02-02 19:00:00,JENB,18.368739172293584
2024-02-02 20:00:00,JENB,18.67235354783926
2024-02-02 21:00:00,JENB,18.719227245257173
2024-02-02 22:00:00,JENB,18.72163169912487
2024-02-02 23:00:00,JENB,18.721675410430333
2024-02-03 00:00:00,JENB,18.721692514246904
2024-02-03 01:00:00,JENB,15.60141898044737
2024-02-03 02:00:00,JENB,12.481135184357896
2024-02-03 03:00:00,JENB,9.360851388268422
2024-02-03 04:00:00,JENB,6.240567592178948
2024-02-03 05:00:00,JENB,3.120283796089474
2024-02-03 06:00:00,JENB,0.0
2024-02-03 07:00:00,JENB,0.0008583068620282
2024-02-03 08:00:00,JENB,0.0017166137240565
2024-02-03 09:00:00,JENB,0.0025749205860847
2024-02-03 10:00:00,JENB,0.003433227448113
2024-02-03 11:00:00,JENB,0.0051513313792384
2024-02-03 12:00:00,JENB,0.0068694353103637
2024-02-03 13:00:00,JENB,0.0077292323794608
2024-02-03 14:00:00,JENB,0.0085933381797076
2024-02-03 15:00:00,JENB,0.0094499933993574
2024-02-03 16:00:00,JENB,0.0103066486190073
2024-02-03 17:00:00,JENB,0.01030350676956
2024-02-03 18:00:00,JENB,0.0103003649201127
2024-02-03 19:00:00,JENB,0.0102972230706654
2024-02-03 20:00:00,JENB,0.0102897724900685
2024-02-03 21:00:00,JENB,0.0102897724900685
2024-02-03 22:00:00,JENB,0.0102897724900685
2024-02-03 23:00:00,JENB,0.0102897724900685
2024-02-04 00:00:00,JENB,0.0102897724900685
2024-02-04 01:00:00,JENB,0.0091568535554577
2024-02-04 02:00:00,JENB,0.0097667663671646
2024-02-04 03:00:00,JENB,0.0106668763286841
2024-02-04 04:00:00,JENB,0.0118604811349003
2024-02-04 05:00:00,JENB,0.0145919754490487
2024-02-04 06:00:00,JENB,0.0201191207727678
2024-02-04 07:00:00,JENB,0.0267888783578261
2024-02-04 08:00:00,JENB,0.0317200801507091
2024-02-04 09:00:00,JENB,0.0363630814030518
2024-02-04 10:00:00,JENB,0.0407145844199701
2024-02-04 11:00:00,JENB,0.043538080910089
2024-02-04 12:00:00,JENB,0.0435659263906372
2024-02-04 13:00:00,JENB,0.0435789458045162
2024-02-04 14:00:00,JENB,0.043587689264253
2024-02-04 15:00:00,JENB,0.0435944361147174
2024-02-04 16:00:00,JENB,0.0435991863559095
2024-02-04 17:00:00,JENB,0.0435940536159688
2024-02-04 18:00:00,JENB,0.0435889208760281
2024-02-04 19:00:00,JENB,0.045212989011325
2024-02-04 20:00:00,JENB,0.0469730230806833
2024-02-04 21:00:00,JENB,0.0487520644946898
2024-02-04 22:00:00,JENB,0.0505854657969444
2024-02-04 23:00:00,JENB,0.0541503090027706
2024-02-05 00:00:00,JENB,0.0577151522085968
2024-02-05 01:00:00,JENB,0.0488262639272953
2024-02-05 02:00:00,JENB,0.0398014097119322
2024-02-05 03:00:00,JENB,0.030757548151921
2024-02-05 04:00:00,JENB,0.0216593267036617
2024-02-05 05:00:00,JENB,0.0108296633518308
2024-02-05 06:00:00,JENB,0.0
2024-02-05 07:00:00,JENB,0.0
2024-02-05 08:00:00,JENB,0.0
2024-02-05 09:00:00,JENB,0.0
2024-02-05 10:00:00,JENB,0.0
2024-02-05 11:00:00,JENB,0.0
2024-02-05 12:00:00,JENB,0.0
2024-02-05 13:00:00,JENB,0.0
2024-02-05 14:00:00,JENB,0.0
2024-02-05 15:00:00,JENB,0.0
2024-02-05 16:00:00,JENB,0.0
2024-02-05 17:00:00,JENB,0.0
2024-02-05 18:00:00,JENB,0.0
2024-02-05 19:00:00,JENB,0.0
2024-02-05 20:00:00,JENB,0.0
2024-02-05 21:00:00,JENB,0.0
2024-02-05 22:00:00,JENB,0.0
2024-02-05 23:00:00,JENB,0.0
2024-02-06 00:00:00,JENB,0.0
2024-02-06 01:00:00,JENB,0.0
2024-02-06 02:00:00,JENB,0.0
2024-02-06 03:00:00,JENB,0.0
2024-02-06 04:00:00,JENB,0.0
2024-02-06 05:00:00,JENB,0.0
2024-02-06 06:00:00,JENB,0.0
2024-02-06 07:00:00,JENB,0.0
2024-02-06 08:00:00,JENB,0.0
2024-02-06 09:00:00,JENB,0.0
2024-02-06 10:00:00,JENB,0.0
2024-02-06 11:00:00,JENB,0.0
2024-02-06 12:00:00,JENB,0.0
2024-02-06 13:00:00,JENB,0.0
2024-02-06 14:00:00,JENB,0.0
2024-02-06 15:00:00,JENB,0.0
2024-02-06 16:00:00,JENB,0.0
2024-02-06 17:00:00,JENB,0.0004351138045421
2024-02-06 18:00:00,JENB,0.0012904403661195
2024-02-06 19:00:00,JENB,0.0021457669845403
2024-02-06 20:00:00,JENB,0.0030010936029611
2024-02-06 21:00:00,JENB,0.0038564202213819
2024-02-06 22:00:00,JENB,0.0047117468398027
2024-02-06 23:00:00,JENB,0.0051319596536814
2024-02-07 00:00:00,JENB,0.0051468608717186
2024-02-07 01:00:00,JENB,0.0042915342532978
2024-02-07 02:00:00,JENB,0.003436207634877
2024-02-07 03:00:00,JENB,0.0025808810164562
2024-02-07 04:00:00,JENB,0.0017255543980354
2024-02-07 05:00:00,JENB,0.0008702277796146
2024-02-07 06:00:00,JENB,0.0
2024-02-07 07:00:00,JENB,0.0
2024-02-07 08:00:00,JENB,0.0
2024-02-07 09:00:00,JENB,0.0
2024-02-07 10:00:00,JENB,0.0
2024-02-07 11:00:00,JENB,0.0
2024-02-07 12:00:00,JENB,0.0
2024-02-07 13:00:00,JENB,0.0
2024-02-07 14:00:00,JENB,0.0008583068620282
2024-02-07 15:00:00,JENB,0.0017166137240565
2024-02-07 16:00:00,JENB,0.0025749205860847
2024-02-07 17:00:00,JENB,0.003433227448113
2024-02-07 18:00:00,JENB,0.0042915343101412
2024-02-07 19:00:00,JENB,0.0051604827709197
2024-02-07 20:00:00,JENB,0.0052687271498862
2024-02-07 21:00:00,JENB,0.0116219014283002
2024-02-07 22:00:00,JENB,0.0328062221199317
2024-02-07 23:00:00,JENB,0.0846707980468898
2024-02-08 00:00:00,JENB,0.2419649002969131
2024-02-08 01:00:00,JENB,0.602048186845878
2024-02-08 02:00:00,JENB,1.5907824872329217
2024-02-08 03:00:00,JENB,2.990197125584508
2024-02-08 04:00:00,JENB,4.596261474557588
2024-02-08 05:00:00,JENB,6.418027746603794
2024-02-08 06:00:00,JENB,8.346743088866464
2024-02-08 07:00:00,JENB,10.142854158953332
2024-02-08 08:00:00,JENB,11.313859056779975
2024-02-08 09:00:00,JENB,12.06794552826926
2024-02-08 10:00:00,JENB,12.60055114272383
2024-02-08 11:00:00,JENB,12.886779330706108
2024-02-08 12:00:00,JENB,12.96062797038482
2024-02-08 13:00:00,JENB,12.96428105634164
2024-02-08 14:00:00,JENB,12.964291697940393
2024-02-08 15:00:00,JENB,12.964295498012516
2024-02-08 16:00:00,JENB,12.964299298084637
2024-02-08 17:00:00,JENB,12.964298346320597
2024-02-08 18:00:00,JENB,12.964298346320597
2024-02-08 19:00:00,JENB,12.979802595507875
2024-02-08 20:00:00,JENB,12.995306844695156
2024-02-08 21:00:00,JENB,13.010817935409063
2024-02-08 22:00:00,JENB,13.026585890129486
2024-02-08 23:00:00,JENB,13.043365868277782
2024-02-09 00:00:00,JENB,13.063767808045784
2024-02-09 01:00:00,JENB,10.891729492618907
2024-02-09 02:00:00,JENB,8.722797213760435
2024-02-09 03:00:00,JENB,6.568125477479917
2024-02-09 04:00:00,JENB,4.50095649661274
2024-02-09 05:00:00,JENB,2.560221637740109
2024-02-09 06:00:00,JENB,0.6864282456315323
2024-02-09 07:00:00,JENB,1.0027901696469386
2024-02-09 08:00:00,JENB,1.3222232012921276
2024-02-09 09:00:00,JENB,1.637403223116745
2024-02-09 10:00:00,JENB,1.8929406413949468
2024-02-09 11:00:00,JENB,2.0770712144468164
2024-02-09 12:00:00,JENB,2.231277179224723
2024-02-09 13:00:00,JENB,2.386954799919695
2024-02-09 14:00:00,JENB,2.552892685114129
2024-02-09 15:00:00,JENB,2.726063253162021
2024-02-09 16:00:00,JENB,2.9212361544220675
2024-02-09 17:00:00,JENB,3.171675871810117
2024-02-09 18:00:00,JENB,3.4775573443531256
2024-02-09 19:00:00,JENB,3.857181759318487
2024-02-09 20:00:00,JENB,4.270557089477053
2024-02-09 21:00:00,JENB,4.685821060339309
2024-02-09 22:00:00,JENB,5.064682568552188
2024-02-09 23:00:00,JENB,5.34390075478759
2024-02-10 00:00:00,JENB,5.534794154319697
2024-02-10 01:00:00,JENB,4.683461224993855
2024-02-10 02:00:00,JENB,3.78386362424479
2024-02-10 03:00:00,JENB,2.8661330270197043
2024-02-10 04:00:00,JENB,1.9365654359775109
2024-02-10 05:00:00,JENB,0.9977667217194266
2024-02-10 06:00:00,JENB,0.0525450570251679
2024-02-10 07:00:00,JENB,0.0663648168834118
2024-02-10 08:00:00,JENB,0.0864988655536145
2024-02-10 09:00:00,JENB,0.1291379428147219
2024-02-10 10:00:00,JENB,0.2026106526243948
2024-02-10 11:00:00,JENB,0.2909271287853581
2024-02-10 12:00:00,JENB,0.386670608793721
2024-02-10 13:00:00,JENB,0.4860756723541521
2024-02-10 14:00:00,JENB,0.5899804682287685
2024-02-10 15:00:00,JENB,0.6753939197632641
2024-02-10 16:00:00,JENB,0.7344543778318531
2024-02-10 17:00:00,JENB,0.7868630833357929
2024-02-10 18:00:00,JENB,0.8602261027712437
2024-02-10 19:00:00,JENB,1.0326894688022703
2024-02-10 20:00:00,JENB,1.293196917034451
2024-02-10 21:00:00,JENB,1.636316887967959
2024-02-10 22:00:00,JENB,2.092396307982649
2024-02-10 23:00:00,JENB,2.693151052885177
2024-02-11 00:00:00,JENB,3.4155915955065064
2024-02-11 01:00:00,JENB,3.297927325486933
2024-02-11 02:00:00,JENB,3.308291355392626
2024-02-11 03:00:00,JENB,3.6267770850805903
2024-02-11 04:00:00,JENB,4.5894745015930365
2024-02-11 05:00:00,JENB,6.652528543003379
2024-02-11 06:00:00,JENB,10.085562854536366
2024-02-11 07:00:00,JENB,15.903271475094378
2024-02-11 08:00:00,JENB,22.45506158889431
2024-02-11 09:00:00,JENB,29.29414766845393
2024-02-11 10:00:00,JENB,35.959858226058216
2024-02-11 11:00:00,JENB,41.84226458383871
2024-02-11 12:00:00,JENB,46.5505778227953
2024-02-11 13:00:00,JENB,49.87795866207298
2024-02-11 14:00:00,JENB,52.48025200919604
2024-02-11 15:00:00,JENB,54.59129313271973
2024-02-11 16:00:00,JENB,56.24843955911116
2024-02-11 17:00:00,JENB,57.532306986872456
2024-02-11 18:00:00,JENB,58.5449408171278
2024-02-11 19:00:00,JENB,59.30745525275198
2024-02-11 20:00:00,JENB,59.867430508258906
2024-02-11 21:00:00,JENB,60.26619091026637
2024-02-11 22:00:00,JENB,60.54252303659417
2024-02-11 23:00:00,JENB,60.72698065956831
2024-02-12 00:00:00,JENB,60.83980133166354
2024-02-12 01:00:00,JENB,50.76101563905738
2024-02-12 02:00:00,JENB,40.647135232755815
2024-02-12 03:00:00,JENB,30.502844046211266
2024-02-12 04:00:00,JENB,20.34562355479415
2024-02-12 05:00:00,JENB,10.18538295827639
2024-02-12 06:00:00,JENB,0.0286399634646183
2024-02-12 07:00:00,JENB,0.0487828654464043
2024-02-12 08:00:00,JENB,0.1150778653937137
2024-02-12 09:00:00,JENB,0.2145852910493323
2024-02-12 10:00:00,JENB,0.3529098309628129
2024-02-12 11:00:00,JENB,0.5409891731052685
2024-02-12 12:00:00,JENB,0.856399075731271
2024-02-12 13:00:00,JENB,1.3130495824866946
2024-02-12 14:00:00,JENB,1.851459120891835
2024-02-12 15:00:00,JENB,2.3968744482689868
2024-02-12 16:00:00,JENB,3.0332510721460757
2024-02-12 17:00:00,JENB,3.6721364381591792
2024-02-12 18:00:00,JENB,4.260237946618327
2024-02-12 19:00:00,JENB,4.856062854833563
2024-02-12 20:00:00,JENB,5.591205089491346
2024-02-12 21:00:00,JENB,6.43215834942902
2024-02-12 22:00:00,JENB,7.611229481990937
2024-02-12 23:00:00,JENB,9.374821518937534
2024-02-13 00:00:00,JENB,11.415666337858475
2024-02-13 01:00:00,JENB,10.42108065087799
2024-02-13 02:00:00,JENB,9.327885662435431
2024-02-13 03:00:00,JENB,8.249614412876172
2024-02-13 04:00:00,JENB,6.883348201320131
2024-02-13 05:00:00,JENB,5.036600031511802
2024-02-13 06:00:00,JENB,3.010770876416968
2024-02-13 07:00:00,JENB,3.98701110007705
2024-02-13 08:00:00,JENB,4.853106344436903
2024-02-13 09:00:00,JENB,5.6121190113485
2024-02-13 10:00:00,JENB,6.273763002671951
2024-02-13 11:00:00,JENB,6.806879941243718
2024-02-13 12:00:00,JENB,7.178390215737478
2024-02-13 13:00:00,JENB,7.438815640400623
2024-02-13 14:00:00,JENB,7.642699951859078
2024-02-13 15:00:00,JENB,7.792545145404868
2024-02-13 16:00:00,JENB,7.858953825185966
2024-02-13 17:00:00,JENB,7.893409239426476
2024-02-13 18:00:00,JENB,7.906838659884695
2024-02-13 19:00:00,JENB,7.908941884970325
2024-02-13 20:00:00,JENB,7.908941884970325
2024-02-13 21:00:00,JENB,7.908941884970325
2024-02-13 22:00:00,JENB,7.908941884970325
2024-02-13 23:00:00,JENB,7.908941884970325
2024-02-14 00:00:00,JENB,7.908941884970325
2024-02-14 01:00:00,JENB,6.5907849041419375
2024-02-14 02:00:00,JENB,5.27262792331355
2024-02-14 03:00:00,JENB,3.9544709424851625
2024-02-14 04:00:00,JENB,2.636313961656775
2024-02-14 05:00:00,JENB,1.3181569808283875
2024-02-14 06:00:00,JENB,0.0
2024-02-14 07:00:00,JENB,0.0
2024-02-14 08:00:00,JENB,0.0
2024-02-14 09:00:00,JENB,5.889762588114625e-06
2024-02-14 10:00:00,JENB,0.0001413640695781
2024-02-14 11:00:00,JENB,0.000334114641299
2024-02-14 12:00:00,JENB,0.0005268652130198
2024-02-14 13:00:00,JENB,0.0007196157847407
2024-02-14 14:00:00,JENB,0.0009123663564616
2024-02-14 15:00:00,JENB,0.0010992271655944
2024-02-14 16:00:00,JENB,0.0011565034303252
2024-02-14 17:00:00,JENB,0.001591617241392
2024-02-14 18:00:00,JENB,0.0024515794842818
2024-02-14 19:00:00,JENB,0.0136564021877382
2024-02-14 20:00:00,JENB,0.0257231311186836
2024-02-14 21:00:00,JENB,0.0378745877314601
2024-02-14 22:00:00,JENB,0.0508962406190443
2024-02-14 23:00:00,JENB,0.0634841107684101
2024-02-15 00:00:00,JENB,0.0756484635588009
2024-02-15 01:00:00,JENB,0.0642508902836236
2024-02-15 02:00:00,JENB,0.0519914107809573
2024-02-15 03:00:00,JENB,0.03964720359646
2024-02-15 04:00:00,JENB,0.0264328001371549
2024-02-15 05:00:00,JENB,0.0132170656050015
2024-02-15 06:00:00,JENB,0.0
2024-02-15 07:00:00,JENB,0.0008617935078391
2024-02-15 08:00:00,JENB,0.0017235870156783
2024-02-15 09:00:00,JENB,0.0025853805235175
2024-02-15 10:00:00,JENB,0.0034397234507598
2024-02-15 11:00:00,JENB,0.0042947319144262
2024-02-15 12:00:00,JENB,0.0051497403780925
2024-02-15 13:00:00,JENB,0.0051429553339197
2024-02-15 14:00:00,JENB,0.0051361702897469
2024-02-15 15:00:00,JENB,0.0051293852455741
2024-02-15 16:00:00,JENB,0.0051300507819982
2024-02-15 17:00:00,JENB,0.0051300507819982
2024-02-15 18:00:00,JENB,0.0051300507819982
2024-02-15 19:00:00,JENB,0.0130759215517721
2024-02-15 20:00:00,JENB,0.021021792321546
2024-02-15 21:00:00,JENB,0.0289676630913199
2024-02-15 22:00:00,JENB,0.0369135338610938
2024-02-15 23:00:00,JENB,0.0448594046308677
2024-02-16 00:00:00,JENB,0.0528052754006416
2024-02-16 01:00:00,JENB,0.0440043961672013
2024-02-16 02:00:00,JENB,0.0352035169337611
2024-02-16 03:00:00,JENB,0.0264026377003208
2024-02-16 04:00:00,JENB,0.0176017584668805
2024-02-16 05:00:00,JENB,0.0088008792334402
2024-02-16 06:00:00,JENB,0.0
2024-02-16 07:00:00,JENB,0.0
2024-02-16 08:00:00,JENB,0.0003088099862302
2024-02-16 09:00:00,JENB,0.000617430318056
2024-02-16 10:00:00,JENB,0.0009260506498819
2024-02-16 11:00:00,JENB,0.0012346709817078
2024-02-16 12:00:00,JENB,0.0015432913135337
2024-02-16 13:00:00,JENB,0.0018519116453595
2024-02-16 14:00:00,JENB,0.0018517219909552
2024-02-16 15:00:00,JENB,0.0018517219909552
2024-02-16 16:00:00,JENB,0.0018517219909552
2024-02-16 17:00:00,JENB,0.0018517219909552
2024-02-16 18:00:00,JENB,0.0018517219909552
2024-02-16 19:00:00,JENB,0.0018517219909552
2024-02-16 20:00:00,JENB,0.0018517219909552
2024-02-16 21:00:00,JENB,0.0018517219909552
2024-02-16 22:00:00,JENB,0.0018517219909552
2024-02-16 23:00:00,JENB,0.0018517219909552
2024-02-17 00:00:00,JENB,0.0018517219909552
2024-02-17 01:00:00,JENB,0.0093896009737071
2024-02-17 02:00:00,JENB,0.0477310684052462
2024-02-17 03:00:00,JENB,0.2113713686771734
2024-02-17 04:00:00,JENB,0.6782563068354996
2024-02-17 05:00:00,JENB,1.6534715761097438
2024-02-17 06:00:00,JENB,3.152257482655954
2024-02-17 07:00:00,JENB,5.359271065745807
2024-02-17 08:00:00,JENB,8.122200490544639
2024-02-17 09:00:00,JENB,11.206157254369357
2024-02-17 10:00:00,JENB,14.380029510234564
2024-02-17 11:00:00,JENB,17.479262682017378
2024-02-17 12:00:00,JENB,20.444160440790384
2024-02-17 13:00:00,JENB,22.93527235652069
2024-02-17 14:00:00,JENB,24.97094725110628
2024-02-17 15:00:00,JENB,26.65016200012869
2024-02-17 16:00:00,JENB,27.99371361859657
2024-02-17 17:00:00,JENB,28.959910853515886
2024-02-17 18:00:00,JENB,29.588730321658343
2024-02-17 19:00:00,JENB,30.15804024849809
2024-02-17 20:00:00,JENB,30.75623769724736
2024-02-17 21:00:00,JENB,31.341305593511308
2024-02-17 22:00:00,JENB,31.913135189185567
2024-02-17 23:00:00,JENB,32.45822139323782
2024-02-18 00:00:00,JENB,32.98122970027716
2024-02-18 01:00:00,JENB,27.737953314191664
2024-02-18 02:00:00,JENB,22.38632415556754
2024-02-18 03:00:00,JENB,17.00085263619316
2024-02-18 04:00:00,JENB,11.581371380798952
2024-02-18 05:00:00,JENB,6.136633211550856
2024-02-18 06:00:00,JENB,0.6638479779434945
2024-02-18 07:00:00,JENB,0.7834316495396512
2024-02-18 08:00:00,JENB,0.8529004361635455
2024-02-18 09:00:00,JENB,0.880334112752251
2024-02-18 10:00:00,JENB,0.8975188265781144
2024-02-18 11:00:00,JENB,0.9103669823949068
2024-02-18 12:00:00,JENB,0.9214826420985698
2024-02-18 13:00:00,JENB,0.9240395829160368
2024-02-18 14:00:00,JENB,0.9248942503218228
2024-02-18 15:00:00,JENB,0.9248899146952856
2024-02-18 16:00:00,JENB,0.9248855790687488
2024-02-18 17:00:00,JENB,0.9248812434422116
2024-02-18 18:00:00,JENB,0.924876528506866
2024-02-18 19:00:00,JENB,0.9248761491980572
2024-02-18 20:00:00,JENB,0.9248920412865678
2024-02-18 21:00:00,JENB,0.9258304797476588
2024-02-18 22:00:00,JENB,0.9293380094166356
2024-02-18 23:00:00,JENB,0.9456478067980708
2024-02-19 00:00:00,JENB,1.0682061663566402
2024-02-19 01:00:00,JENB,1.2664977773781918
2024-02-19 02:00:00,JENB,2.152856454385834
2024-02-19 03:00:00,JENB,3.9456951479030615
2024-02-19 04:00:00,JENB,6.818662343795968
2024-02-19 05:00:00,JENB,10.706256183263369
2024-02-19 06:00:00,JENB,15.226023806985657
2024-02-19 07:00:00,JENB,20.27958563334864
2024-02-19 08:00:00,JENB,25.400056061095945
2024-02-19 09:00:00,JENB,30.168573182266464
2024-02-19 10:00:00,JENB,34.298853619062655
2024-02-19 11:00:00,JENB,37.6300320665128
2024-02-19 12:00:00,JENB,40.43720542836427
2024-02-19 13:00:00,JENB,42.89516133271728
2024-02-19 14:00:00,JENB,44.842559660094366
2024-02-19 15:00:00,JENB,46.4934655431676
2024-02-19 16:00:00,JENB,47.91890151023988
2024-02-19 17:00:00,JENB,49.36165485001604
2024-02-19 18:00:00,JENB,50.8825245148483
2024-02-19 19:00:00,JENB,52.50943819322377
2024-02-19 20:00:00,JENB,54.54866180660014
2024-02-19 21:00:00,JENB,56.94644842968387
2024-02-19 22:00:00,JENB,59.46307137950085
2024-02-19 23:00:00,JENB,61.9167893695555
2024-02-20 00:00:00,JENB,64.14202335796261
2024-02-20 01:00:00,JENB,54.73301555424273
2024-02-20 02:00:00,JENB,44.81639985847093
2024-02-20 03:00:00,JENB,34.71248797277349
2024-02-20 04:00:00,JENB,24.871781896514275
2024-02-20 05:00:00,JENB,15.382429191504665
2024-02-20 06:00:00,JENB,6.301115653638462
2024-02-20 07:00:00,JENB,9.025922135450877
2024-02-20 08:00:00,JENB,12.187921246700515
2024-02-20 09:00:00,JENB,15.3288611813124
2024-02-20 10:00:00,JENB,18.10026641333602
2024-02-20 11:00:00,JENB,20.548447162845022
2024-02-20 12:00:00,JENB,22.673860544525432
2024-02-20 13:00:00,JENB,24.4040849197982
2024-02-20 14:00:00,JENB,25.775856887459632
2024-02-20 15:00:00,JENB,26.867665416160307
2024-02-20 16:00:00,JENB,27.77698595378149
2024-02-20 17:00:00,JENB,28.49061224326752
2024-02-20 18:00:00,JENB,29.058584439981303
2024-02-20 19:00:00,JENB,29.497398085134044
2024-02-20 20:00:00,JENB,29.710604271572294
2024-02-20 21:00:00,JENB,29.795489009951243
2024-02-20 22:00:00,JENB,29.83137881645346
2024-02-20 23:00:00,JENB,29.8521641206935
2024-02-21 00:00:00,JENB,29.869322016070115
2024-02-21 01:00:00,JENB,24.893632774071
2024-02-21 02:00:00,JENB,19.915674364219672
2024-02-21 03:00:00,JENB,14.936836386242948
2024-02-21 04:00:00,JENB,9.957982904430931
2024-02-21 05:00:00,JENB,4.979059949398818
2024-02-21 06:00:00,JENB,9.749175444396716e-05
2024-02-21 07:00:00,JENB,9.663656361728766e-05
2024-02-21 08:00:00,JENB,9.57813727888318e-05
2024-02-21 09:00:00,JENB,0.0001013883997793
2024-02-21 10:00:00,JENB,0.0001069954267698
2024-02-21 11:00:00,JENB,0.0001126024537603
2024-02-21 12:00:00,JENB,0.0001182094807508
2024-02-21 13:00:00,JENB,0.0009770180230643
2024-02-21 14:00:00,JENB,0.0018358265653777
2024-02-21 15:00:00,JENB,0.0044034555913994
2024-02-21 16:00:00,JENB,0.006971084617421
2024-02-21 17:00:00,JENB,0.0095387136434427
2024-02-21 18:00:00,JENB,0.012113942358962
2024-02-21 19:00:00,JENB,0.0138368247499868
2024-02-21 20:00:00,JENB,0.0155597071410116
2024-02-21 21:00:00,JENB,0.0155741483571369
2024-02-21 22:00:00,JENB,0.0156909865428576
2024-02-21 23:00:00,JENB,0.0160670402445371
2024-02-22 00:00:00,JENB,0.0183754229725396
2024-02-22 01:00:00,JENB,0.0291044382240255
2024-02-22 02:00:00,JENB,0.1086141158860458
2024-02-22 03:00:00,JENB,0.3797948141693423
2024-02-22 04:00:00,JENB,0.8309773873312527
2024-02-22 05:00:00,JENB,1.4137803662982211
2024-02-22 06:00:00,JENB,2.0637684598479744
2024-02-22 07:00:00,JENB,2.7708353696334296
2024-02-22 08:00:00,JENB,3.4631500868123126
2024-02-22 09:00:00,JENB,4.038715488692878
2024-02-22 10:00:00,JENB,4.493013725362791
2024-02-22 11:00:00,JENB,4.835478436360042
2024-02-22 12:00:00,JENB,5.113325290811491
2024-02-22 13:00:00,JENB,5.326920726196765
2024-02-22 14:00:00,JENB,5.487572808506755
2024-02-22 15:00:00,JENB,5.574799140992181
2024-02-22 16:00:00,JENB,5.605323750201503
2024-02-22 17:00:00,JENB,5.621671066068812
2024-02-22 18:00:00,JENB,5.662494151878377
2024-02-22 19:00:00,JENB,5.755329642771015
2024-02-22 20:00:00,JENB,5.907962440912742
2024-02-22 21:00:00,JENB,6.185623534066216
2024-02-22 22:00:00,JENB,6.749137342076329
2024-02-22 23:00:00,JENB,7.5817460108342685
2024-02-23 00:00:00,JENB,8.514441607859077
2024-02-23 01:00:00,JENB,7.677756493506655
2024-02-23 02:00:00,JENB,7.282003067103278
2024-02-23 03:00:00,JENB,7.621054301936971
2024-02-23 04:00:00,JENB,8.997158049212029
2024-02-23 05:00:00,JENB,12.333325664818895
2024-02-23 06:00:00,JENB,18.64563905714133
2024-02-23 07:00:00,JENB,29.53613590533952
2024-02-23 08:00:00,JENB,43.14541513946239
2024-02-23 09:00:00,JENB,58.71944455331977
2024-02-23 10:00:00,JENB,75.5305499052468
2024-02-23 11:00:00,JENB,92.49036729314776
2024-02-23 12:00:00,JENB,108.481548088972
2024-02-23 13:00:00,JENB,123.27078488839764
2024-02-23 14:00:00,JENB,135.99824470103923
2024-02-23 15:00:00,JENB,146.91708032013722
2024-02-23 16:00:00,JENB,156.11004929885266
2024-02-23 17:00:00,JENB,163.58720221073747
2024-02-23 18:00:00,JENB,169.40485357546103
2024-02-23 19:00:00,JENB,174.07362393136913
2024-02-23 20:00:00,JENB,177.83809331218222
2024-02-23 21:00:00,JENB,180.73338244840272
2024-02-23 22:00:00,JENB,182.9533736573556
2024-02-23 23:00:00,JENB,184.67672278616132
2024-02-24 00:00:00,JENB,186.06638766888415
2024-02-24 01:00:00,JENB,155.67764035757202
2024-02-24 02:00:00,JENB,125.18993107968744
2024-02-24 03:00:00,JENB,94.72970340986946
2024-02-24 04:00:00,JENB,64.3007333991702
2024-02-24 05:00:00,JENB,33.77602636778706
2024-02-24 06:00:00,JENB,3.2267517495296665
2024-02-24 07:00:00,JENB,3.94467376551714
2024-02-24 08:00:00,JENB,4.507105804024181
2024-02-24 09:00:00,JENB,4.893929057065845
2024-02-24 10:00:00,JENB,5.089195533614672
2024-02-24 11:00:00,JENB,5.225692312706464
2024-02-24 12:00:00,JENB,5.25257227490555
2024-02-24 13:00:00,JENB,5.299844205059062
2024-02-24 14:00:00,JENB,5.357859571526594
2024-02-24 15:00:00,JENB,5.426209548632394
2024-02-24 16:00:00,JENB,5.500821216753288
2024-02-24 17:00:00,JENB,5.55920407243281
2024-02-24 18:00:00,JENB,5.609104793783155
2024-02-24 19:00:00,JENB,5.640002560213693
2024-02-24 20:00:00,JENB,5.661378469821681
2024-02-24 21:00:00,JENB,5.674139824030831
2024-02-24 22:00:00,JENB,5.681849111931975
2024-02-24 23:00:00,JENB,5.69041889472009
2024-02-25 00:00:00,JENB,5.700469509781782
2024-02-25 01:00:00,JENB,4.759479693276803
2024-02-25 02:00:00,JENB,3.825094248968575
2024-02-25 03:00:00,JENB,2.899871888787714
2024-02-25 04:00:00,JENB,1.990710091583347
2024-02-25 05:00:00,JENB,1.1062744688169182
2024-02-25 06:00:00,JENB,0.3419289979284483
2024-02-25 07:00:00,JENB,0.5677728429823888
2024-02-25 08:00:00,JENB,0.8264986065348339
2024-02-25 09:00:00,JENB,1.0858622527925883
2024-02-25 10:00:00,JENB,1.3391517591763245
2024-02-25 11:00:00,JENB,1.5742252004471855
2024-02-25 12:00:00,JENB,1.6919779581890315
2024-02-25 13:00:00,JENB,1.886211568727342
2024-02-25 14:00:00,JENB,2.049568537881868
2024-02-25 15:00:00,JENB,2.2059443342104266
2024-02-25 16:00:00,JENB,2.3504747527527847
2024-02-25 17:00:00,JENB,2.48712288491639
2024-02-25 18:00:00,JENB,2.6188750919690804
2024-02-25 19:00:00,JENB,2.633721793289475
2024-02-25 20:00:00,JENB,2.638906660128719
2024-02-25 21:00:00,JENB,2.639523702561343
2024-02-25 22:00:00,JENB,2.640242264001155
2024-02-25 23:00:00,JENB,2.641167542047876
2024-02-26 00:00:00,JENB,2.6422983070846118
2024-02-26 01:00:00,JENB,2.203171335502996
2024-02-26 02:00:00,JENB,1.765034423674
2024-02-26 03:00:00,JENB,1.3284954515560363
2024-02-26 04:00:00,JENB,0.8935047860734016
2024-02-26 05:00:00,JENB,0.4602536112916944
2024-02-26 06:00:00,JENB,0.0291620261312276
2024-02-26 07:00:00,JENB,0.0531363902849525
2024-02-26 08:00:00,JENB,0.0870862383079092
2024-02-26 09:00:00,JENB,0.1259592979023248
2024-02-26 10:00:00,JENB,0.1707220272289077
2024-02-26 11:00:00,JENB,0.2244751948424415
2024-02-26 12:00:00,JENB,0.2819939700619462
2024-02-26 13:00:00,JENB,0.3260726643682649
2024-02-26 14:00:00,JENB,0.3602118116954917
2024-02-26 15:00:00,JENB,0.3898510215909427
2024-02-26 16:00:00,JENB,0.4182966395040552
2024-02-26 17:00:00,JENB,0.4464907875799876
2024-02-26 18:00:00,JENB,0.4776302395743121
2024-02-26 19:00:00,JENB,0.5248970215087644
2024-02-26 20:00:00,JENB,0.5757357022960178
2024-02-26 21:00:00,JENB,0.6259185164819328
2024-02-26 22:00:00,JENB,0.6714738107819163
2024-02-26 23:00:00,JENB,0.7078499165519707
2024-02-27 00:00:00,JENB,0.7364010553627143
2024-02-27 01:00:00,JENB,0.6270496322788521
2024-02-27 02:00:00,JENB,0.5257961196191434
2024-02-27 03:00:00,JENB,0.4524362316580602
2024-02-27 04:00:00,JENB,0.5183012346168668
2024-02-27 05:00:00,JENB,0.7031603963677346
2024-02-27 06:00:00,JENB,0.9664741820967888
2024-02-27 07:00:00,JENB,1.4483266184463544
2024-02-27 08:00:00,JENB,2.0359208822057377
2024-02-27 09:00:00,JENB,2.774885532720922
2024-02-27 10:00:00,JENB,3.886607238706414
2024-02-27 11:00:00,JENB,4.967360251843967
2024-02-27 12:00:00,JENB,6.046685101672883
2024-02-27 13:00:00,JENB,7.033802925323551
2024-02-27 14:00:00,JENB,7.907903989700541
2024-02-27 15:00:00,JENB,8.616443196225157
2024-02-27 16:00:00,JENB,8.830698609263067
2024-02-27 17:00:00,JENB,8.976251048377126
2024-02-27 18:00:00,JENB,9.06143660428502
2024-02-27 19:00:00,JENB,9.236444606398056
2024-02-27 20:00:00,JENB,9.487470630248652
2024-02-27 21:00:00,JENB,9.757588847732002
2024-02-27 22:00:00,JENB,10.02500867718152
2024-02-27 23:00:00,JENB,10.277793371898422
2024-02-28 00:00:00,JENB,10.514403997130437
2024-02-28 01:00:00,JENB,8.864386169297967
2024-02-28 02:00:00,JENB,7.134051269836338
2024-02-28 03:00:00,JENB,5.370727262328758
2024-02-28 04:00:00,JENB,3.5912237427398592
2024-02-28 05:00:00,JENB,1.807304992454737
2024-02-28 06:00:00,JENB,0.0280481866969808
2024-02-28 07:00:00,JENB,0.1212639845429407
2024-02-28 08:00:00,JENB,0.3406313615910338
2024-02-28 09:00:00,JENB,0.5828959434619073
2024-02-28 10:00:00,JENB,0.8295737452661865
2024-02-28 11:00:00,JENB,1.075664629411618
2024-02-28 12:00:00,JENB,1.3246407994880975
2024-02-28 13:00:00,JENB,1.495501965299754
2024-02-28 14:00:00,JENB,1.5400242064140268
2024-02-28 15:00:00,JENB,1.562937785035153
2024-02-28 16:00:00,JENB,1.584638614764673
2024-02-28 17:00:00,JENB,1.606557371276809
2024-02-28 18:00:00,JENB,1.619111254403634
2024-02-28 19:00:00,JENB,1.6289312285929396
2024-02-28 20:00:00,JENB,1.6376132351232235
2024-02-28 21:00:00,JENB,1.6437337159160443
2024-02-28 22:00:00,JENB,1.6461431011315324
2024-02-28 23:00:00,JENB,1.6471270150152468
2024-02-29 00:00:00,JENB,1.648454265592939
2024-02-29 01:00:00,JENB,1.3746399810757524
2024-02-29 02:00:00,JENB,1.1007996273589118
2024-02-29 03:00:00,JENB,0.8269495803153423
2024-02-29 04:00:00,JENB,0.5530756845017872
2024-02-29 05:00:00,JENB,0.2791988469968781
2024-02-29 06:00:00,JENB,0.0049949214237319
2024-02-29 07:00:00,JENB,0.005104331800066
2024-02-29 08:00:00,JENB,0.0052292628584974
2024-02-29 09:00:00,JENB,0.0053479598493005
2024-02-29 10:00:00,JENB,0.0054589601226475
2024-02-29 11:00:00,JENB,0.0055550428431021
2024-02-29 12:00:00,JENB,0.0057485137607539
2024-02-29 13:00:00,JENB,0.0061374534769764
2024-02-29 14:00:00,JENB,0.0072730231757721
2024-02-29 15:00:00,JENB,0.009291423159116
2024-02-29 16:00:00,JENB,0.0119657168000592
2024-02-29 17:00:00,JENB,0.015600772360576
2024-02-29 18:00:00,JENB,0.0199183758190535
2024-02-29 19:00:00,JENB,0.0259777475362191
2024-02-29 20:00:00,JENB,0.0322876378010866
2024-02-29 21:00:00,JENB,0.0397938246328489
2024-02-29 22:00:00,JENB,0.0483002753765638
2024-02-29 23:00:00,JENB,0.0566727986844718
2024-03-01 00:00:00,JENB,0.0659364563770762
2024-03-01 01:00:00,JENB,0.0592838367667066
2024-03-01 02:00:00,JENB,0.0522092651654362
2024-03-01 03:00:00,JENB,0.043569011839117
2024-03-01 04:00:00,JENB,0.03349097300497
2024-03-01 05:00:00,JENB,0.0245904288107558
2024-03-01 06:00:00,JENB,0.0247427400727906
2024-03-01 07:00:00,JENB,0.1212457867062848
2024-03-01 08:00:00,JENB,0.3098383417962987
2024-03-01 09:00:00,JENB,0.6831096878841489
2024-03-01 10:00:00,JENB,1.323987331180171
2024-03-01 11:00:00,JENB,2.224291769273672
2024-03-01 12:00:00,JENB,3.465460044351479
2024-03-01 13:00:00,JENB,4.936562761738259
2024-03-01 14:00:00,JENB,6.557996683011213
2024-03-01 15:00:00,JENB,8.227549631695826
2024-03-01 16:00:00,JENB,9.93861007509308
2024-03-01 17:00:00,JENB,11.835305708206468
2024-03-01 18:00:00,JENB,13.905537979963906
2024-03-01 19:00:00,JENB,16.2677070730933
2024-03-01 20:00:00,JENB,18.864829792352985
2024-03-01 21:00:00,JENB,21.493422664354064
2024-03-01 22:00:00,JENB,23.958806137506727
2024-03-01 23:00:00,JENB,26.30341888638883
2024-03-02 00:00:00,JENB,28.180666701198312
2024-03-02 01:00:00,JENB,24.3141830885415
2024-03-02 02:00:00,JENB,20.1067177380611
2024-03-02 03:00:00,JENB,16.027560944070462
2024-03-02 04:00:00,JENB,11.949347273618002
2024-03-02 05:00:00,JENB,7.817119049878111
2024-03-02 06:00:00,JENB,3.915575807617923
2024-03-02 07:00:00,JENB,5.264914564723981
2024-03-02 08:00:00,JENB,6.5153749961915945
2024-03-02 09:00:00,JENB,7.397477802396699
2024-03-02 10:00:00,JENB,8.135885683173685
2024-03-02 11:00:00,JENB,8.603171359004978
2024-03-02 12:00:00,JENB,8.8006446835906
2024-03-02 13:00:00,JENB,8.897832178412353
2024-03-02 14:00:00,JENB,8.959985376271517
2024-03-02 15:00:00,JENB,8.999774606914132
2024-03-02 16:00:00,JENB,9.045737633983258
2024-03-02 17:00:00,JENB,9.099292045538864
2024-03-02 18:00:00,JENB,9.13690146585074
2024-03-02 19:00:00,JENB,9.163581917075229
2024-03-02 20:00:00,JENB,9.187520940523935
2024-03-02 21:00:00,JENB,9.210539494672116
2024-03-02 22:00:00,JENB,9.22572374935056
2024-03-02 23:00:00,JENB,9.23394528266794
2024-03-03 00:00:00,JENB,9.24076554045471
2024-03-03 01:00:00,JENB,7.704077648837945
2024-03-03 02:00:00,JENB,6.167426471383953
2024-03-03 03:00:00,JENB,4.629678990509721
2024-03-03 04:00:00,JENB,3.090973583408159
2024-03-03 05:00:00,JENB,1.5511552537597812
2024-03-03 06:00:00,JENB,0.0104909623833229
2024-03-03 07:00:00,JENB,0.0151565258320681
2024-03-03 08:00:00,JENB,0.0233075334879281
2024-03-03 09:00:00,JENB,0.0319487022446567
2024-03-03 10:00:00,JENB,0.0404923353825315
2024-03-03 11:00:00,JENB,0.0488269747749436
2024-03-03 12:00:00,JENB,0.0568453356144318
2024-03-03 13:00:00,JENB,0.0628485511621166
2024-03-03 14:00:00,JENB,0.0650063809292903
2024-03-03 15:00:00,JENB,0.0663272715235985
2024-03-03 16:00:00,JENB,0.0670708567719191
2024-03-03 17:00:00,JENB,0.0674273160048332
2024-03-03 18:00:00,JENB,0.0685405188299809
2024-03-03 19:00:00,JENB,0.0699711936693852
2024-03-03 20:00:00,JENB,0.0728698983194718
2024-03-03 21:00:00,JENB,0.0781977569231927
2024-03-03 22:00:00,JENB,0.085389539090367
2024-03-03 23:00:00,JENB,0.0933733128100644
2024-03-04 00:00:00,JENB,0.1012847932439339
2024-03-04 01:00:00,JENB,0.0894996438375711
2024-03-04 02:00:00,JENB,0.076515085294845
2024-03-04 03:00:00,JENB,0.0612239684933308
2024-03-04 04:00:00,JENB,0.0441742581297237
2024-03-04 05:00:00,JENB,0.0263815879934621
2024-03-04 06:00:00,JENB,0.0081501968269144
2024-03-04 07:00:00,JENB,0.0100374668840801
2024-03-04 08:00:00,JENB,0.0125070926329886
2024-03-04 09:00:00,JENB,0.0148412752429855
2024-03-04 10:00:00,JENB,0.0169924348428406
2024-03-04 11:00:00,JENB,0.0190717877044848
2024-03-04 12:00:00,JENB,0.0212898303226993
2024-03-04 13:00:00,JENB,0.0228125411107082
2024-03-04 14:00:00,JENB,0.0235711628312467
2024-03-04 15:00:00,JENB,0.0243442262226578
2024-03-04 16:00:00,JENB,0.0252035673145319
2024-03-04 17:00:00,JENB,0.0264702744166099
2024-03-04 18:00:00,JENB,0.0282830923661803
2024-03-04 19:00:00,JENB,0.0349615308742281
2024-03-04 20:00:00,JENB,0.0456361532978568
2024-03-04 21:00:00,JENB,0.0609851072319347
2024-03-04 22:00:00,JENB,0.0798056755900437
2024-03-04 23:00:00,JENB,0.1005171592400562
2024-03-05 00:00:00,JENB,0.1225226136434841
2024-03-05 01:00:00,JENB,0.1136016155268937
2024-03-05 02:00:00,JENB,0.1033669502924104
2024-03-05 03:00:00,JENB,0.0917310949003891
2024-03-05 04:00:00,JENB,0.0846013053533122
2024-03-05 05:00:00,JENB,0.1000065192389318
2024-03-05 06:00:00,JENB,0.1750153358467779
2024-03-05 07:00:00,JENB,0.4068297267472022
2024-03-05 08:00:00,JENB,0.754790117231952
2024-03-05 09:00:00,JENB,1.2015427879027647
2024-03-05 10:00:00,JENB,1.7252227579546502
2024-03-05 11:00:00,JENB,2.368680748845483
2024-03-05 12:00:00,JENB,3.0506009019565603
2024-03-05 13:00:00,JENB,3.831561536817508
2024-03-05 14:00:00,JENB,4.780418017409826
2024-03-05 15:00:00,JENB,5.878296115298616
2024-03-05 16:00:00,JENB,7.302841186334317
2024-03-05 17:00:00,JENB,9.082243326910746
2024-03-05 18:00:00,JENB,11.348026028909825
2024-03-05 19:00:00,JENB,13.827123781894334
2024-03-05 20:00:00,JENB,16.652363832448373
2024-03-05 21:00:00,JENB,20.10656012131705
2024-03-05 22:00:00,JENB,24.235841146073504
2024-03-05 23:00:00,JENB,29.14704624562367
2024-03-06 00:00:00,JENB,34.73651452478271
2024-03-06 01:00:00,JENB,32.594405898968766
2024-03-06 02:00:00,JENB,31.209530487805488
2024-03-06 03:00:00,JENB,30.29674229351302
2024-03-06 04:00:00,JENB,29.63955684294411
2024-03-06 05:00:00,JENB,28.945210473836543
2024-03-06 06:00:00,JENB,28.15651029427797
2024-03-06 07:00:00,JENB,35.82216062893382
2024-03-06 08:00:00,JENB,43.061400824470425
2024-03-06 09:00:00,JENB,49.81848934893352
2024-03-06 10:00:00,JENB,56.09307361497145
2024-03-06 11:00:00,JENB,61.86801895858985
2024-03-06 12:00:00,JENB,67.08683325331265
2024-03-06 13:00:00,JENB,71.62599868491752
2024-03-06 14:00:00,JENB,75.77447386333175
2024-03-06 15:00:00,JENB,79.70406428334935
2024-03-06 16:00:00,JENB,83.42031064168046
2024-03-06 17:00:00,JENB,87.02159375833921
2024-03-06 18:00:00,JENB,90.56268594303832
2024-03-06 19:00:00,JENB,93.97921332034602
2024-03-06 20:00:00,JENB,97.1190199364857
2024-03-06 21:00:00,JENB,99.90854537383434
2024-03-06 22:00:00,JENB,102.32486362333458
2024-03-06 23:00:00,JENB,104.33288771858852
2024-03-07 00:00:00,JENB,105.96813343116034
2024-03-07 01:00:00,JENB,89.1602556718039
2024-03-07 02:00:00,JENB,72.22041816827674
2024-03-07 03:00:00,JENB,55.14946758699946
2024-03-07 04:00:00,JENB,37.971408259275066
2024-03-07 05:00:00,JENB,20.741317260983912
2024-03-07 06:00:00,JENB,3.511217864288333
2024-03-07 07:00:00,JENB,4.535641532966587
2024-03-07 08:00:00,JENB,5.518932814720461
2024-03-07 09:00:00,JENB,6.4155975692842135
2024-03-07 10:00:00,JENB,7.237245765656477
2024-03-07 11:00:00,JENB,8.000196214710178
2024-03-07 12:00:00,JENB,8.646498762453197
2024-03-07 13:00:00,JENB,9.19105494995794
2024-03-07 14:00:00,JENB,9.64010809240429
2024-03-07 15:00:00,JENB,10.023733765135884
2024-03-07 16:00:00,JENB,10.326661184674665
2024-03-07 17:00:00,JENB,10.522429181786997
2024-03-07 18:00:00,JENB,10.65597467385224
2024-03-07 19:00:00,JENB,10.725659818917553
2024-03-07 20:00:00,JENB,10.769350850627928
2024-03-07 21:00:00,JENB,10.795949496257512
2024-03-07 22:00:00,JENB,10.81288627168128
2024-03-07 23:00:00,JENB,10.826846246723033
2024-03-08 00:00:00,JENB,10.838262361555651
2024-03-08 01:00:00,JENB,9.034555240182415
2024-03-08 02:00:00,JENB,7.229263889999243
2024-03-08 03:00:00,JENB,5.423623806727434
2024-03-08 04:00:00,JENB,3.617419768994097
2024-03-08 05:00:00,JENB,1.8108986237585247
2024-03-08 06:00:00,JENB,0.0044739466508621
2024-03-08 07:00:00,JENB,0.0061292932280746
2024-03-08 08:00:00,JENB,0.0080002457444278
2024-03-08 09:00:00,JENB,0.0101752749813248
2024-03-08 10:00:00,JENB,0.012507513722272
2024-03-08 11:00:00,JENB,0.0149940260303936
2024-03-08 12:00:00,JENB,0.0176499790874592
2024-03-08 13:00:00,JENB,0.0209902417218159
2024-03-08 14:00:00,JENB,0.0251992502942349
2024-03-08 15:00:00,JENB,0.0299899350249575
2024-03-08 16:00:00,JENB,0.034753824249442
2024-03-08 17:00:00,JENB,0.0395798428351084
2024-03-08 18:00:00,JENB,0.0446670304487121
2024-03-08 19:00:00,JENB,0.0491587487301899
2024-03-08 20:00:00,JENB,0.053277397353676
2024-03-08 21:00:00,JENB,0.0576560213947896
2024-03-08 22:00:00,JENB,0.0640695924408249
2024-03-08 23:00:00,JENB,0.0742638945539134
2024-03-09 00:00:00,JENB,0.1026140366050299
2024-03-09 01:00:00,JENB,0.1182296725124556
2024-03-09 02:00:00,JENB,0.1410599816908709
2024-03-09 03:00:00,JENB,0.1750324226485182
2024-03-09 04:00:00,JENB,0.2216198146500056
2024-03-09 05:00:00,JENB,0.2836557373347611
2024-03-09 06:00:00,JENB,0.3485401564424534
2024-03-09 07:00:00,JENB,0.4276812779248147
2024-03-09 08:00:00,JENB,0.4998481041451015
2024-03-09 09:00:00,JENB,0.5604723805395108
2024-03-09 10:00:00,JENB,0.6072541077186296
2024-03-09 11:00:00,JENB,0.6372115186968986
2024-03-09 12:00:00,JENB,0.6464324757266718
2024-03-09 13:00:00,JENB,0.654307062500657
2024-03-09 14:00:00,JENB,0.6614258951943413
2024-03-09 15:00:00,JENB,0.6676648185674126
2024-03-09 16:00:00,JENB,0.6727251594593032
2024-03-09 17:00:00,JENB,0.6749636101892599
2024-03-09 18:00:00,JENB,0.6762431563804092
2024-03-09 19:00:00,JENB,0.6768646056544285
2024-03-09 20:00:00,JENB,0.6772290369387871
2024-03-09 21:00:00,JENB,0.6779253528345917
2024-03-09 22:00:00,JENB,0.6804497410615001
2024-03-09 23:00:00,JENB,0.684726856558874
2024-03-10 00:00:00,JENB,0.6912380704276503
2024-03-10 01:00:00,JENB,0.5821709770678762
2024-03-10 02:00:00,JENB,0.4801096807276208
2024-03-10 03:00:00,JENB,0.3857031590978832
2024-03-10 04:00:00,JENB,0.2961328720508863
2024-03-10 05:00:00,JENB,0.2111106705999581
2024-03-10 06:00:00,JENB,0.1328548023951337
2024-03-10 07:00:00,JENB,0.209916547325
2024-03-10 08:00:00,JENB,0.3001111543701702
2024-03-10 09:00:00,JENB,0.4078022494760193
2024-03-10 10:00:00,JENB,0.5312341391798046
2024-03-10 11:00:00,JENB,0.6822216814386453
2024-03-10 12:00:00,JENB,0.8871096554920332
2024-03-10 13:00:00,JENB,1.139950535451833
2024-03-10 14:00:00,JENB,1.5449155435565354
2024-03-10 15:00:00,JENB,2.235600978222054
2024-03-10 16:00:00,JENB,3.333090850531124
2024-03-10 17:00:00,JENB,5.001534999065019
2024-03-10 18:00:00,JENB,7.497469850389666
2024-03-10 19:00:00,JENB,9.9917675399888
2024-03-10 20:00:00,JENB,12.320362035695108
2024-03-10 21:00:00,JENB,14.340477921598858
2024-03-10 22:00:00,JENB,15.932045397110183
2024-03-10 23:00:00,JENB,16.918902175100268
2024-03-11 00:00:00,JENB,17.015457996012948
2024-03-11 01:00:00,JENB,14.187717839271416
2024-03-11 02:00:00,JENB,11.353511531852194
2024-03-11 03:00:00,JENB,8.516676139580573
2024-03-11 04:00:00,JENB,5.679314378355686
2024-03-11 05:00:00,JENB,2.8420212913922214
2024-03-11 06:00:00,JENB,0.0047902006179891
2024-03-11 07:00:00,JENB,0.0067894815963765
2024-03-11 08:00:00,JENB,0.0193274457061537
2024-03-11 09:00:00,JENB,0.0709927867056052
2024-03-11 10:00:00,JENB,0.2718122426328181
2024-03-11 11:00:00,JENB,0.7683506869850572
2024-03-11 12:00:00,JENB,1.6023994173726743
2024-03-11 13:00:00,JENB,2.8075189577351214
2024-03-11 14:00:00,JENB,4.411055988953317
2024-03-11 15:00:00,JENB,6.306105848037425
2024-03-11 16:00:00,JENB,8.388945971236396
2024-03-11 17:00:00,JENB,10.397504187091547
2024-03-11 18:00:00,JENB,12.24612526004264
2024-03-11 19:00:00,JENB,13.84652517166312
2024-03-11 20:00:00,JENB,15.135510415446936
2024-03-11 21:00:00,JENB,16.245628280661204
2024-03-11 22:00:00,JENB,17.170522286259
2024-03-11 23:00:00,JENB,17.973947987042276
2024-03-12 00:00:00,JENB,18.70574842914809
2024-03-12 01:00:00,JENB,16.062651697380407
2024-03-12 02:00:00,JENB,13.581887495072367
2024-03-12 03:00:00,JENB,11.103522967939227
2024-03-12 04:00:00,JENB,8.64902862510425
2024-03-12 05:00:00,JENB,6.399975584145125
2024-03-12 06:00:00,JENB,4.444282664223271
2024-03-12 07:00:00,JENB,6.165813273309778
2024-03-12 08:00:00,JENB,7.96039377422713
2024-03-12 09:00:00,JENB,9.826044017428
2024-03-12 10:00:00,JENB,11.699500740042758
2024-03-12 11:00:00,JENB,13.436230309040884
2024-03-12 12:00:00,JENB,14.906110797712376
2024-03-12 13:00:00,JENB,16.073757987672785
2024-03-12 14:00:00,JENB,17.073249245592432
2024-03-12 15:00:00,JENB,18.257448616710867
2024-03-12 16:00:00,JENB,19.44716232281729
2024-03-12 17:00:00,JENB,20.57649571126624
2024-03-12 18:00:00,JENB,21.63909019512712
2024-03-12 19:00:00,JENB,22.70111514737294
2024-03-12 20:00:00,JENB,23.66084203438308
2024-03-12 21:00:00,JENB,24.28091359954059
2024-03-12 22:00:00,JENB,24.811211696777924
2024-03-12 23:00:00,JENB,25.330975260178214
2024-03-13 00:00:00,JENB,25.85868155148961
2024-03-13 01:00:00,JENB,21.84845248258977
2024-03-13 02:00:00,JENB,17.932077785374325
2024-03-13 03:00:00,JENB,14.195995149820815
2024-03-13 04:00:00,JENB,10.808227078421044
2024-03-13 05:00:00,JENB,7.996053005087537
2024-03-13 06:00:00,JENB,5.625110263165652
2024-03-13 07:00:00,JENB,7.895244069072717
2024-03-13 08:00:00,JENB,10.164004565015006
2024-03-13 09:00:00,JENB,12.299057440456863
2024-03-13 10:00:00,JENB,14.0756124621977
2024-03-13 11:00:00,JENB,15.23702762755256
2024-03-13 12:00:00,JENB,15.945663394488918
2024-03-13 13:00:00,JENB,16.559027473057213
2024-03-13 14:00:00,JENB,17.115996800095765
2024-03-13 15:00:00,JENB,17.696025642539702
2024-03-13 16:00:00,JENB,18.276821136060978
2024-03-13 17:00:00,JENB,18.8426943684768
2024-03-13 18:00:00,JENB,19.39341977582465
2024-03-13 19:00:00,JENB,19.9528279516156
2024-03-13 20:00:00,JENB,20.618403591005137
2024-03-13 21:00:00,JENB,21.408972325322065
2024-03-13 22:00:00,JENB,22.27682979696666
2024-03-13 23:00:00,JENB,23.245065283997626
2024-03-14 00:00:00,JENB,24.234682403861694
2024-03-14 01:00:00,JENB,20.70788572076486
2024-03-14 02:00:00,JENB,16.98287588069471
2024-03-14 03:00:00,JENB,12.993704701391207
2024-03-14 04:00:00,JENB,8.837678810364132
2024-03-14 05:00:00,JENB,4.537805852649061
2024-03-14 06:00:00,JENB,0.1694474620073352
2024-03-14 07:00:00,JENB,0.1774922012427082
2024-03-14 08:00:00,JENB,0.178789504659853
2024-03-14 09:00:00,JENB,0.1791310081302959
2024-03-14 10:00:00,JENB,0.1791823144509261
2024-03-14 11:00:00,JENB,0.17922639993612
2024-03-14 12:00:00,JENB,0.1792217610648677
2024-03-14 13:00:00,JENB,0.2023936992318912
2024-03-14 14:00:00,JENB,0.2503023148291273
2024-03-14 15:00:00,JENB,0.2995228856231312
2024-03-14 16:00:00,JENB,0.3490559998614085
2024-03-14 17:00:00,JENB,0.398589114099686
2024-03-14 18:00:00,JENB,0.4489772390075417
2024-03-14 19:00:00,JENB,0.4761887868771215
2024-03-14 20:00:00,JENB,0.4786636573164888
2024-03-14 21:00:00,JENB,0.4798312114303407
2024-03-14 22:00:00,JENB,0.4806862220999191
2024-03-14 23:00:00,JENB,0.4815412327694975
2024-03-15 00:00:00,JENB,0.4815412327694975
2024-03-15 01:00:00,JENB,0.4012843606412479
2024-03-15 02:00:00,JENB,0.3210274885129983
2024-03-15 03:00:00,JENB,0.2407706163847487
2024-03-15 04:00:00,JENB,0.1605137442564991
2024-03-15 05:00:00,JENB,0.0802568721282495
2024-03-15 06:00:00,JENB,0.0
2024-03-15 07:00:00,JENB,0.0004351138045421
2024-03-15 08:00:00,JENB,0.0037721991072103
2024-03-15 09:00:00,JENB,0.0425660998051622
2024-03-15 10:00:00,JENB,0.1150918636844508
2024-03-15 11:00:00,JENB,0.2077792666804899
2024-03-15 12:00:00,JENB,0.4964642662856274
2024-03-15 13:00:00,JENB,1.1476566683804408
2024-03-15 14:00:00,JENB,1.873413247765458
2024-03-15 15:00:00,JENB,2.663066318166546
2024-03-15 16:00:00,JENB,3.4651013288064485
2024-03-15 17:00:00,JENB,4.370209599986682
2024-03-15 18:00:00,JENB,5.299384205121309
2024-03-15 19:00:00,JENB,6.292878365899829
2024-03-15 20:00:00,JENB,7.85621211277977
2024-03-15 21:00:00,JENB,10.077607674464346
2024-03-15 22:00:00,JENB,12.889559744682938
2024-03-15 23:00:00,JENB,15.826732309982336
2024-03-16 00:00:00,JENB,18.604451866593717
2024-03-16 01:00:00,JENB,16.978821608916515
2024-03-16 02:00:00,JENB,14.792628394761048
2024-03-16 03:00:00,JENB,12.012152731894863
2024-03-16 04:00:00,JENB,8.931306875198585
2024-03-16 05:00:00,JENB,5.984394352964357
2024-03-16 06:00:00,JENB,3.3002709156216854
2024-03-16 07:00:00,JENB,4.592835631293347
2024-03-16 08:00:00,JENB,5.804824245839094
2024-03-16 09:00:00,JENB,6.939332074112216
2024-03-16 10:00:00,JENB,7.826659217089249
2024-03-16 11:00:00,JENB,8.439929182429099
2024-03-16 12:00:00,JENB,9.024342529550632
2024-03-16 13:00:00,JENB,9.71277220066412
2024-03-16 14:00:00,JENB,11.201862601684503
2024-03-16 15:00:00,JENB,13.07077862658746
2024-03-16 16:00:00,JENB,15.075739516017295
2024-03-16 17:00:00,JENB,17.16212701352331
2024-03-16 18:00:00,JENB,19.149729482927537
2024-03-16 19:00:00,JENB,21.14643558189039
2024-03-16 20:00:00,JENB,22.53340344326728
2024-03-16 21:00:00,JENB,23.8635516231704
2024-03-16 22:00:00,JENB,25.296992873553137
2024-03-16 23:00:00,JENB,26.79128421969968
2024-03-17 00:00:00,JENB,28.28831651614258
2024-03-17 01:00:00,JENB,24.47357157429947
2024-03-17 02:00:00,JENB,20.640513151402047
2024-03-17 03:00:00,JENB,16.514805267064148
2024-03-17 04:00:00,JENB,12.10726314586192
2024-03-17 05:00:00,JENB,7.458227499042176
2024-03-17 06:00:00,JENB,2.612029390599826
2024-03-17 07:00:00,JENB,2.96506025196347
2024-03-17 08:00:00,JENB,3.139895819074547
2024-03-17 09:00:00,JENB,3.203366970495052
2024-03-17 10:00:00,JENB,3.2202149909454136
2024-03-17 11:00:00,JENB,3.227948281610555
2024-03-17 12:00:00,JENB,3.2343447231550098
2024-03-17 13:00:00,JENB,3.2490495779176114
2024-03-17 14:00:00,JENB,3.2883713319550623
2024-03-17 15:00:00,JENB,3.3296811137126383
2024-03-17 16:00:00,JENB,3.382629678577374
2024-03-17 17:00:00,JENB,3.466111717516763
2024-03-17 18:00:00,JENB,3.625055095701412
2024-03-17 19:00:00,JENB,3.845045326894392
2024-03-17 20:00:00,JENB,4.090565531369779
2024-03-17 21:00:00,JENB,4.397881355976958
2024-03-17 22:00:00,JENB,4.786585645716048
2024-03-17 23:00:00,JENB,5.2419371367268806
2024-03-18 00:00:00,JENB,5.770881386766311
2024-03-18 01:00:00,JENB,5.21627129161943
2024-03-18 02:00:00,JENB,4.851681534380857
2024-03-18 03:00:00,JENB,4.7214492848919285
2024-03-18 04:00:00,JENB,4.862498395324301
2024-03-18 05:00:00,JENB,5.282216763874913
2024-03-18 06:00:00,JENB,5.931029099825446
2024-03-18 07:00:00,JENB,7.689622645773701
2024-03-18 08:00:00,JENB,9.249830804178732
2024-03-18 09:00:00,JENB,10.566281643596588
2024-03-18 10:00:00,JENB,11.739310487412643
2024-03-18 11:00:00,JENB,13.110290939297515
2024-03-18 12:00:00,JENB,14.62018939517125
2024-03-18 13:00:00,JENB,16.792449162172357
2024-03-18 14:00:00,JENB,19.980792213022266
2024-03-18 15:00:00,JENB,24.306311215260948
2024-03-18 16:00:00,JENB,29.784551620340316
2024-03-18 17:00:00,JENB,36.2235987069658
2024-03-18 18:00:00,JENB,43.49118896754818
2024-03-18 19:00:00,JENB,50.857055305028894
2024-03-18 20:00:00,JENB,58.19899813299678
2024-03-18 21:00:00,JENB,65.2348279533826
2024-03-18 22:00:00,JENB,71.80966964644908
2024-03-18 23:00:00,JENB,77.11256077051671
2024-03-19 00:00:00,JENB,81.1893049283797
2024-03-19 01:00:00,JENB,69.73290579859255
2024-03-19 02:00:00,JENB,57.32005956558801
2024-03-19 03:00:00,JENB,44.07223011877325
2024-03-19 04:00:00,JENB,29.941997650244407
2024-03-19 05:00:00,JENB,15.558412919174923
2024-03-19 06:00:00,JENB,1.0602791768926885
2024-03-19 07:00:00,JENB,1.249323738610071
2024-03-19 08:00:00,JENB,1.5539075622877625
2024-03-19 09:00:00,JENB,1.884905818641892
2024-03-19 10:00:00,JENB,2.298160000153299
2024-03-19 11:00:00,JENB,2.755784324315731
2024-03-19 12:00:00,JENB,3.300248258835196
2024-03-19 13:00:00,JENB,3.933099808786229
2024-03-19 14:00:00,JENB,4.402184010577014
2024-03-19 15:00:00,JENB,4.826971129317779
2024-03-19 16:00:00,JENB,5.181426136938171
2024-03-19 17:00:00,JENB,5.482945170383473
2024-03-19 18:00:00,JENB,5.694057077938855
2024-03-19 19:00:00,JENB,5.806212137760443
2024-03-19 20:00:00,JENB,5.888522091166946
2024-03-19 21:00:00,JENB,5.933602937117328
2024-03-19 22:00:00,JENB,5.936539347311879
2024-03-19 23:00:00,JENB,5.9387371717844415
2024-03-20 00:00:00,JENB,5.939589245587736
2024-03-20 01:00:00,JENB,4.949654738376902
2024-03-20 02:00:00,JENB,3.959718535440548
2024-03-20 03:00:00,JENB,2.969786572212577
2024-03-20 04:00:00,JENB,1.979858364337748
2024-03-20 05:00:00,JENB,0.9899291821688738
2024-03-20 06:00:00,JENB,0.0
2024-03-20 07:00:00,JENB,0.0
2024-03-20 08:00:00,JENB,0.0
2024-03-20 09:00:00,JENB,0.0
2024-03-20 10:00:00,JENB,0.0
2024-03-20 11:00:00,JENB,0.0
2024-03-20 12:00:00,JENB,0.0
2024-03-20 13:00:00,JENB,0.0
2024-03-20 14:00:00,JENB,0.0
2024-03-20 15:00:00,JENB,0.0
2024-03-20 16:00:00,JENB,0.0
2024-03-20 17:00:00,JENB,0.0
2024-03-20 18:00:00,JENB,0.0
2024-03-20 19:00:00,JENB,0.0
2024-03-20 20:00:00,JENB,0.0
2024-03-20 21:00:00,JENB,0.0
2024-03-20 22:00:00,JENB,0.0
2024-03-20 23:00:00,JENB,0.0
2024-03-21 00:00:00,JENB,0.0
2024-03-21 01:00:00,JENB,0.0
2024-03-21 02:00:00,JENB,0.0
2024-03-21 03:00:00,JENB,0.0
2024-03-21 04:00:00,JENB,0.0
2024-03-21 05:00:00,JENB,0.0011607885992503
2024-03-21 06:00:00,JENB,0.0574392939983634
2024-03-21 07:00:00,JENB,0.5170188514066378
2024-03-21 08:00:00,JENB,1.224148347064171
2024-03-21 09:00:00,JENB,2.325719131995005
2024-03-21 10:00:00,JENB,4.448236973697536
2024-03-21 11:00:00,JENB,7.269398898720859
2024-03-21 12:00:00,JENB,10.834718192242262
2024-03-21 13:00:00,JENB,14.503387286973815
2024-03-21 14:00:00,JENB,18.37449075317481
2024-03-21 15:00:00,JENB,22.110405688381963
2024-03-21 16:00:00,JENB,25.547447255315006
2024-03-21 17:00:00,JENB,29.84728997515987
2024-03-21 18:00:00,JENB,34.1238037394656
2024-03-21 19:00:00,JENB,38.95723424511442
2024-03-21 20:00:00,JENB,44.31046405747556
2024-03-21 21:00:00,JENB,49.935695483258
2024-03-21 22:00:00,JENB,55.07181851712443
2024-03-21 23:00:00,JENB,58.7381136720394
2024-03-22 00:00:00,JENB,61.66962701593155
2024-03-22 01:00:00,JENB,52.71535010623358
2024-03-22 02:00:00,JENB,42.79309717092941
2024-03-22 03:00:00,JENB,32.340413803541914
2024-03-22 04:00:00,JENB,21.654877000123985
2024-03-22 05:00:00,JENB,10.876577633914977
2024-03-22 06:00:00,JENB,0.0571225008782466
2024-03-22 07:00:00,JENB,0.0603247615448197
2024-03-22 08:00:00,JENB,0.0617194313865458
2024-03-22 09:00:00,JENB,0.0622901616108673
2024-03-22 10:00:00,JENB,0.0627490312840256
2024-03-22 11:00:00,JENB,0.0631923178678673
2024-03-22 12:00:00,JENB,0.0636270525434245
2024-03-22 13:00:00,JENB,0.0636270525434245
2024-03-22 14:00:00,JENB,0.0636270525434245
2024-03-22 15:00:00,JENB,0.0636270525434245
2024-03-22 16:00:00,JENB,0.0636270525434245
2024-03-22 17:00:00,JENB,0.0636270525434245
2024-03-22 18:00:00,JENB,0.0636270525434245
2024-03-22 19:00:00,JENB,0.0644857385819878
2024-03-22 20:00:00,JENB,0.0653406623561464
2024-03-22 21:00:00,JENB,0.0670473342169205
2024-03-22 22:00:00,JENB,0.0687540060776946
2024-03-22 23:00:00,JENB,0.0704606779384686
2024-03-23 00:00:00,JENB,0.0721673497992427
2024-03-23 01:00:00,JENB,0.060704155003442
2024-03-23 02:00:00,JENB,0.0492447224720459
2024-03-23 03:00:00,JENB,0.0369335418540344
2024-03-23 04:00:00,JENB,0.0246223612360229
2024-03-23 05:00:00,JENB,0.0123111806180114
2024-03-23 06:00:00,JENB,0.0
2024-03-23 07:00:00,JENB,0.0
2024-03-23 08:00:00,JENB,0.0
2024-03-23 09:00:00,JENB,0.0009026990261267
2024-03-23 10:00:00,JENB,0.3285983439704618
2024-03-23 11:00:00,JENB,2.242124468114935
2024-03-23 12:00:00,JENB,5.84876059069569
2024-03-23 13:00:00,JENB,11.90744952574408
2024-03-23 14:00:00,JENB,19.984018014188784
2024-03-23 15:00:00,JENB,29.198283286500512
2024-03-23 16:00:00,JENB,38.60269273234111
2024-03-23 17:00:00,JENB,46.60708284235661
2024-03-23 18:00:00,JENB,52.9643378650012
2024-03-23 19:00:00,JENB,57.07847945426103
2024-03-23 20:00:00,JENB,59.50058228972436
2024-03-23 21:00:00,JENB,61.13605841788492
2024-03-23 22:00:00,JENB,62.39849201211042
2024-03-23 23:00:00,JENB,63.54836754225175
2024-03-24 00:00:00,JENB,64.67573286485296
2024-03-24 01:00:00,JENB,54.52245017182742
2024-03-24 02:00:00,JENB,44.06204893825014
2024-03-24 03:00:00,JENB,33.32710600500874
2024-03-24 04:00:00,JENB,22.506215102211527
2024-03-24 05:00:00,JENB,11.655349240156786
2024-03-24 06:00:00,JENB,0.837542944547607
2024-03-24 07:00:00,JENB,1.464909194342567
2024-03-24 08:00:00,JENB,2.359929303349831
2024-03-24 09:00:00,JENB,3.6782547493589366
2024-03-24 10:00:00,JENB,5.560801688143107
2024-03-24 11:00:00,JENB,7.757308163583792
2024-03-24 12:00:00,JENB,10.072734014304494
2024-03-24 13:00:00,JENB,12.141603681166597
2024-03-24 14:00:00,JENB,14.015860171083665
2024-03-24 15:00:00,JENB,15.62652070576972
2024-03-24 16:00:00,JENB,16.712909763502726
2024-03-24 17:00:00,JENB,17.597786279389382
2024-03-24 18:00:00,JENB,18.347572687784968
2024-03-24 19:00:00,JENB,18.98312126172509
2024-03-24 20:00:00,JENB,19.541124719442845
2024-03-24 21:00:00,JENB,19.8767340535464
2024-03-24 22:00:00,JENB,20.135818181568634
2024-03-24 23:00:00,JENB,20.26340828048368
2024-03-25 00:00:00,JENB,20.369848806356742
2024-03-25 01:00:00,JENB,17.033779976866775
2024-03-25 02:00:00,JENB,13.694310363327752
2024-03-25 03:00:00,JENB,10.3760134916707
2024-03-25 04:00:00,JENB,7.0660564365234775
2024-03-25 05:00:00,JENB,3.751316470883236
2024-03-25 06:00:00,JENB,0.428194251055414
2024-03-25 07:00:00,JENB,0.5357822867300394
2024-03-25 08:00:00,JENB,0.6325532813607437
2024-03-25 09:00:00,JENB,0.6934052000265969
2024-03-25 10:00:00,JENB,0.724545876485715
2024-03-25 11:00:00,JENB,0.7362383777015332
2024-03-25 12:00:00,JENB,0.7371091683871628
2024-03-25 13:00:00,JENB,0.7379644907816666
2024-03-25 14:00:00,JENB,0.7388206996431573
2024-03-25 15:00:00,JENB,0.7396769085046482
2024-03-25 16:00:00,JENB,0.7405331173661389
2024-03-25 17:00:00,JENB,0.7413893262276297
2024-03-25 18:00:00,JENB,0.7422455350891205
2024-03-25 19:00:00,JENB,0.7422464215561074
2024-03-25 20:00:00,JENB,0.7422464215561074
2024-03-25 21:00:00,JENB,0.7422573285201008
2024-03-25 22:00:00,JENB,0.7422733666290648
2024-03-25 23:00:00,JENB,0.7423219853609627
2024-03-26 00:00:00,JENB,0.7425057105999988
2024-03-26 01:00:00,JENB,0.6189502328743669
2024-03-26 02:00:00,JENB,0.4955470143491211
2024-03-26 03:00:00,JENB,0.3722716683832882
2024-03-26 04:00:00,JENB,0.2491087541843653
2024-03-26 05:00:00,JENB,0.1259320743582196
2024-03-26 06:00:00,JENB,0.0026449937317588
2024-03-26 07:00:00,JENB,0.0031068093966944
2024-03-26 08:00:00,JENB,0.0034249177695285
2024-03-26 09:00:00,JENB,0.0036340817247411
2024-03-26 10:00:00,JENB,0.0038282343883043
2024-03-26 11:00:00,JENB,0.0040835428148377
2024-03-26 12:00:00,JENB,0.0043850134084001
2024-03-26 13:00:00,JENB,0.0048876855101037
2024-03-26 14:00:00,JENB,0.0064535454902778
2024-03-26 15:00:00,JENB,0.0099589218667064
2024-03-26 16:00:00,JENB,0.0160398731857662
2024-03-26 17:00:00,JENB,0.0237452778130068
2024-03-26 18:00:00,JENB,0.0351997867072093
2024-03-26 19:00:00,JENB,0.0498104181121433
2024-03-26 20:00:00,JENB,0.0700597938708566
2024-03-26 21:00:00,JENB,0.0901850027743832
2024-03-26 22:00:00,JENB,0.1092872723633368
2024-03-26 23:00:00,JENB,0.1270298716238722
2024-03-27 00:00:00,JENB,0.1416280024411758
2024-03-27 01:00:00,JENB,0.1275542064917406
2024-03-27 02:00:00,JENB,0.1082255612772251
2024-03-27 03:00:00,JENB,0.0887124379625082
2024-03-27 04:00:00,JENB,0.0684654413349274
2024-03-27 05:00:00,JENB,0.0499370684315154
2024-03-27 06:00:00,JENB,0.0623601509179931
2024-03-27 07:00:00,JENB,0.1500737570873083
2024-03-27 08:00:00,JENB,0.2660271179031023
2024-03-27 09:00:00,JENB,0.3965953627008772
2024-03-27 10:00:00,JENB,0.5290693636777891
2024-03-27 11:00:00,JENB,0.6659290904604144
2024-03-27 12:00:00,JENB,0.8493222990895255
2024-03-27 13:00:00,JENB,1.161722237323091
2024-03-27 14:00:00,JENB,1.5826178851757904
2024-03-27 15:00:00,JENB,2.096219595218514
2024-03-27 16:00:00,JENB,2.7333902497752387
2024-03-27 17:00:00,JENB,3.6007699803851723
2024-03-27 18:00:00,JENB,4.842498219273411
2024-03-27 19:00:00,JENB,8.238528207711536
2024-03-27 20:00:00,JENB,14.422358372248985
2024-03-27 21:00:00,JENB,22.959499758120717
2024-03-27 22:00:00,JENB,33.08076634217104
2024-03-27 23:00:00,JENB,44.2045680608247
2024-03-28 00:00:00,JENB,55.739269296234056
2024-03-28 01:00:00,JENB,52.50654054444412
2024-03-28 02:00:00,JENB,46.60668162592668
2024-03-28 03:00:00,JENB,38.28517614209757
2024-03-28 04:00:00,JENB,28.25457331316302
2024-03-28 05:00:00,JENB,16.98570291166865
2024-03-28 06:00:00,JENB,4.85464200763607
2024-03-28 07:00:00,JENB,5.159998331841367
2024-03-28 08:00:00,JENB,5.208259167608199
2024-03-28 09:00:00,JENB,5.218015605699231
2024-03-28 10:00:00,JENB,5.331803271492999
2024-03-28 11:00:00,JENB,5.626499331159712
2024-03-28 12:00:00,JENB,6.267614499601261
2024-03-28 13:00:00,JENB,8.085258951125528
2024-03-28 14:00:00,JENB,11.531775821821896
2024-03-28 15:00:00,JENB,16.850977829806602
2024-03-28 16:00:00,JENB,23.759963722675305
2024-03-28 17:00:00,JENB,31.78662337151572
2024-03-28 18:00:00,JENB,40.4196459063398
2024-03-28 19:00:00,JENB,48.68063091265405
2024-03-28 20:00:00,JENB,55.980989613584846
2024-03-28 21:00:00,JENB,61.69221241011685
2024-03-28 22:00:00,JENB,65.7087431730212
2024-03-28 23:00:00,JENB,68.42579317851266
2024-03-29 00:00:00,JENB,70.18885006734247
2024-03-29 01:00:00,JENB,59.239803047833306
2024-03-29 02:00:00,JENB,47.62074847558801
2024-03-29 03:00:00,JENB,35.71600888709128
2024-03-29 04:00:00,JENB,23.81073047624664
2024-03-29 05:00:00,JENB,11.905455432247397
2024-03-29 06:00:00,JENB,0.0005066792386161
2024-03-29 07:00:00,JENB,0.0027596926831589
2024-03-29 08:00:00,JENB,0.0089149277061968
2024-03-29 09:00:00,JENB,0.0167304470724369
2024-03-29 10:00:00,JENB,0.026988206496771
2024-03-29 11:00:00,JENB,0.0416004335507242
2024-03-29 12:00:00,JENB,0.0595273521614618
2024-03-29 13:00:00,JENB,0.07872525658589
2024-03-29 14:00:00,JENB,0.0982367259179247
2024-03-29 15:00:00,JENB,0.1183841761850663
2024-03-29 16:00:00,JENB,0.1363412400930943
2024-03-29 17:00:00,JENB,0.1499619780492694
2024-03-29 18:00:00,JENB,0.1599988147215501
2024-03-29 19:00:00,JENB,0.1670719704553945
2024-03-29 20:00:00,JENB,0.1700551475821226
2024-03-29 21:00:00,JENB,0.1708507064763075
2024-03-29 22:00:00,JENB,0.1714505232439871
2024-03-29 23:00:00,JENB,0.172066692194654
2024-03-30 00:00:00,JENB,0.1726839328583057
2024-03-30 01:00:00,JENB,0.1442175139525116
2024-03-30 02:00:00,JENB,0.1156858867460478
2024-03-30 03:00:00,JENB,0.0870895995508422
2024-03-30 04:00:00,JENB,0.0587609110420956
2024-03-30 05:00:00,JENB,0.0319258171559994
2024-03-30 06:00:00,JENB,0.0054178757110044
2024-03-30 07:00:00,JENB,0.0078153418183634
2024-03-30 08:00:00,JENB,0.0102771610355636
2024-03-30 09:00:00,JENB,0.0129488435039921
2024-03-30 10:00:00,JENB,0.0155467693764058
2024-03-30 11:00:00,JENB,0.016846084135057
2024-03-30 12:00:00,JENB,0.0185794849888787
2024-03-30 13:00:00,JENB,0.0210990316601839
2024-03-30 14:00:00,JENB,0.0241436277923346
2024-03-30 15:00:00,JENB,0.0270569038457118
2024-03-30 16:00:00,JENB,0.0297121019232996
2024-03-30 17:00:00,JENB,0.0321723164919996
2024-03-30 18:00:00,JENB,0.0349254002475582
2024-03-30 19:00:00,JENB,0.0379022410787803
2024-03-30 20:00:00,JENB,0.0429529501747428
2024-03-30 21:00:00,JENB,0.0579285179498301
2024-03-30 22:00:00,JENB,0.0898865216918046
2024-03-30 23:00:00,JENB,0.1474240686822385
2024-03-31 00:00:00,JENB,0.2621229608372518
2024-03-31 01:00:00,JENB,0.3713535035423678
2024-03-31 02:00:00,JENB,0.6338177051705356
2024-03-31 03:00:00,JENB,0.9751609857651976
2024-03-31 04:00:00,JENB,1.3295160770609529
2024-03-31 05:00:00,JENB,1.6647909115218524
2024-03-31 06:00:00,JENB,1.942558085247776
2024-03-31 07:00:00,JENB,2.228772803805253
2024-03-31 08:00:00,JENB,2.362655003577712
2024-03-31 09:00:00,JENB,2.416688489337808
2024-03-31 10:00:00,JENB,2.449678621081248
2024-03-31 11:00:00,JENB,2.481899441165216
2024-03-31 12:00:00,JENB,2.548330084874554
2024-03-31 13:00:00,JENB,2.66918975180859
2024-03-31 14:00:00,JENB,2.820787268042284
2024-03-31 15:00:00,JENB,2.98599292496637
2024-03-31 16:00:00,JENB,3.14324015575837
2024-03-31 17:00:00,JENB,3.2948224062991995
2024-03-31 18:00:00,JENB,3.4116780313522703
2024-03-31 19:00:00,JENB,3.471001666223242
2024-03-31 20:00:00,JENB,3.4998876929487825
2024-03-31 21:00:00,JENB,3.517824723210504
2024-03-31 22:00:00,JENB,3.5593275592171416
2024-03-31 23:00:00,JENB,3.6745294075406623
2024-04-01 00:00:00,JENB,3.9543086697468905
2024-04-01 01:00:00,JENB,3.685821504806535
2024-04-01 02:00:00,JENB,3.665025262030251
2024-04-01 03:00:00,JENB,3.917261273981004
2024-04-01 04:00:00,JENB,4.667331945142612
2024-04-01 05:00:00,JENB,6.198038723129536
2024-04-01 06:00:00,JENB,8.648923187658012
2024-04-01 07:00:00,JENB,12.515245828272985
2024-04-01 08:00:00,JENB,17.167914944113768
2024-04-01 09:00:00,JENB,22.540445354111803
2024-04-01 10:00:00,JENB,28.741158006494462
2024-04-01 11:00:00,JENB,36.90072913343128
2024-04-01 12:00:00,JENB,46.94229967915838
2024-04-01 13:00:00,JENB,58.03344761560342
2024-04-01 14:00:00,JENB,70.00031293746922
2024-04-01 15:00:00,JENB,82.51251236287611
2024-04-01 16:00:00,JENB,95.13946492684528
2024-04-01 17:00:00,JENB,106.40770691644
2024-04-01 18:00:00,JENB,115.61120897129548
2024-04-01 19:00:00,JENB,123.29643027678232
2024-04-01 20:00:00,JENB,129.15300124197864
2024-04-01 21:00:00,JENB,133.48043587588646
2024-04-01 22:00:00,JENB,136.3499381389626
2024-04-01 23:00:00,JENB,137.76672569212053
2024-04-02 00:00:00,JENB,138.28253010693322
2024-04-02 01:00:00,JENB,115.33148407352564
2024-04-02 02:00:00,JENB,92.3025331206586
2024-04-02 03:00:00,JENB,69.2634140175274
2024-04-02 04:00:00,JENB,46.24727811087217
2024-04-02 05:00:00,JENB,23.319628963303817
2024-04-02 06:00:00,JENB,0.5060984715817504
2024-04-02 07:00:00,JENB,0.8227033892311375
2024-04-02 08:00:00,JENB,1.1601190023739298
2024-04-02 09:00:00,JENB,1.5757918266264552
2024-04-02 10:00:00,JENB,2.0516456991656646
2024-04-02 11:00:00,JENB,2.494547616324943
2024-04-02 12:00:00,JENB,2.876395953027325
2024-04-02 13:00:00,JENB,3.2480369659367145
2024-04-02 14:00:00,JENB,3.648301929249427
2024-04-02 15:00:00,JENB,4.09953233816819
2024-04-02 16:00:00,JENB,4.5174925149105984
2024-04-02 17:00:00,JENB,4.950807471570312
2024-04-02 18:00:00,JENB,5.336792200614734
2024-04-02 19:00:00,JENB,5.670352943293805
2024-04-02 20:00:00,JENB,5.947350084182551
2024-04-02 21:00:00,JENB,6.084458371689905
2024-04-02 22:00:00,JENB,6.164276705020674
2024-04-02 23:00:00,JENB,6.171307156317592
2024-04-03 00:00:00,JENB,6.171315328917068
2024-04-03 01:00:00,JENB,5.142762774097557
2024-04-03 02:00:00,JENB,4.114210219278045
2024-04-03 03:00:00,JENB,3.085657664458534
2024-04-03 04:00:00,JENB,2.0571051096390223
2024-04-03 05:00:00,JENB,1.0285525548195114
2024-04-03 06:00:00,JENB,0.0
2024-04-03 07:00:00,JENB,0.0008745132084121
2024-04-03 08:00:00,JENB,0.0102084225655516
2024-04-03 09:00:00,JENB,0.050826943691177
2024-04-03 10:00:00,JENB,0.1479204398135638
2024-04-03 11:00:00,JENB,0.3285600672241155
2024-04-03 12:00:00,JENB,0.6154614924821205
2024-04-03 13:00:00,JENB,0.9981196560371
2024-04-03 14:00:00,JENB,1.3813285087105829
2024-04-03 15:00:00,JENB,1.7901539254118413
2024-04-03 16:00:00,JENB,2.259869618655169
2024-04-03 17:00:00,JENB,3.015440223831912
2024-04-03 18:00:00,JENB,3.8558080216126864
2024-04-03 19:00:00,JENB,5.056177595309295
2024-04-03 20:00:00,JENB,6.583396041726774
2024-04-03 21:00:00,JENB,8.261683721912718
2024-04-03 22:00:00,JENB,9.839827337326778
2024-04-03 23:00:00,JENB,11.053889692645484
2024-04-04 00:00:00,JENB,12.175247082405797
2024-04-04 01:00:00,JENB,10.618603476822972
2024-04-04 02:00:00,JENB,8.72865239779651
2024-04-04 03:00:00,JENB,6.630952706319861
2024-04-04 04:00:00,JENB,4.516336800613689
2024-04-04 05:00:00,JENB,2.3969811733127018
2024-04-04 06:00:00,JENB,0.1792715211186232
2024-04-04 07:00:00,JENB,0.1829298368464622
2024-04-04 08:00:00,JENB,0.1848964643031263
2024-04-04 09:00:00,JENB,0.2529766675129034
2024-04-04 10:00:00,JENB,0.4114013444255602
2024-04-04 11:00:00,JENB,0.590130507131919
2024-04-04 12:00:00,JENB,0.8314339184036327
2024-04-04 13:00:00,JENB,1.155740903111182
2024-04-04 14:00:00,JENB,1.5235995741009298
2024-04-04 15:00:00,JENB,1.933405080145396
2024-04-04 16:00:00,JENB,2.4239282760461656
2024-04-04 17:00:00,JENB,2.994382129677473
2024-04-04 18:00:00,JENB,3.711152292523862
2024-04-04 19:00:00,JENB,4.349845530072225
2024-04-04 20:00:00,JENB,4.944123689552481
2024-04-04 21:00:00,JENB,5.43672325216924
2024-04-04 22:00:00,JENB,5.760483861070681
2024-04-04 23:00:00,JENB,5.983572750813264
2024-04-05 00:00:00,JENB,5.99797047922573
2024-04-05 01:00:00,JENB,5.004753220564825
2024-04-05 02:00:00,JENB,4.014979571871276
2024-04-05 03:00:00,JENB,3.018602312118852
2024-04-05 04:00:00,JENB,2.0196968699851414
2024-04-05 05:00:00,JENB,1.0206493388159747
2024-04-05 06:00:00,JENB,0.021402411196487
2024-04-05 07:00:00,JENB,0.0248438225125614
2024-04-05 08:00:00,JENB,0.0248452193738994
2024-04-05 09:00:00,JENB,0.0248480788850652
2024-04-05 10:00:00,JENB,0.024850938396231
2024-04-05 11:00:00,JENB,0.0828743501939361
2024-04-05 12:00:00,JENB,0.1732434661884613
2024-04-05 13:00:00,JENB,0.3009080600238801
2024-04-05 14:00:00,JENB,0.4289057282633352
2024-04-05 15:00:00,JENB,0.5569019338529624
2024-04-05 16:00:00,JENB,0.6853861497179335
2024-04-05 17:00:00,JENB,0.7559229565145278
2024-04-05 18:00:00,JENB,0.7945732551917586
2024-04-05 19:00:00,JENB,0.7959280760280958
2024-04-05 20:00:00,JENB,0.7969498224603966
2024-04-05 21:00:00,JENB,0.7979715688926976
2024-04-05 22:00:00,JENB,0.7985053050496547
2024-04-05 23:00:00,JENB,0.7989645011271114
2024-04-06 00:00:00,JENB,0.7989645011271114
2024-04-06 01:00:00,JENB,0.6658037509392594
2024-04-06 02:00:00,JENB,0.5326430007514076
2024-04-06 03:00:00,JENB,0.3994822505635557
2024-04-06 04:00:00,JENB,0.2663215003757038
2024-04-06 05:00:00,JENB,0.1331607501878519
2024-04-06 06:00:00,JENB,0.0
2024-04-06 07:00:00,JENB,0.0
2024-04-06 08:00:00,JENB,0.0
2024-04-06 09:00:00,JENB,0.0
2024-04-06 10:00:00,JENB,0.0
2024-04-06 11:00:00,JENB,0.0
2024-04-06 12:00:00,JENB,0.0
2024-04-06 13:00:00,JENB,0.0
2024-04-06 14:00:00,JENB,0.0
2024-04-06 15:00:00,JENB,0.0
2024-04-06 16:00:00,JENB,0.0
2024-04-06 17:00:00,JENB,0.0
2024-04-06 18:00:00,JENB,0.0
2024-04-06 19:00:00,JENB,0.0
2024-04-06 20:00:00,JENB,0.0008523463179699
2024-04-06 21:00:00,JENB,0.0017046926359398
2024-04-06 22:00:00,JENB,0.0025570389539097
2024-04-06 23:00:00,JENB,0.0034093852718797
2024-04-07 00:00:00,JENB,0.0046968455080786
2024-04-07 01:00:00,JENB,0.0046968455080786
2024-04-07 02:00:00,JENB,0.0038444991901087
2024-04-07 03:00:00,JENB,0.0029921528721388
2024-04-07 04:00:00,JENB,0.0021398065541688
2024-04-07 05:00:00,JENB,0.0012874602361989
2024-04-07 06:00:00,JENB,0.0
2024-04-07 07:00:00,JENB,0.0
2024-04-07 08:00:00,JENB,0.0
2024-04-07 09:00:00,JENB,0.0
2024-04-07 10:00:00,JENB,0.0
2024-04-07 11:00:00,JENB,0.0
2024-04-07 12:00:00,JENB,0.0
2024-04-07 13:00:00,JENB,0.0
2024-04-07 14:00:00,JENB,0.0
2024-04-07 15:00:00,JENB,0.0
2024-04-07 16:00:00,JENB,0.0
2024-04-07 17:00:00,JENB,0.0
2024-04-07 18:00:00,JENB,0.0
2024-04-07 19:00:00,JENB,0.0
2024-04-07 20:00:00,JENB,0.0
2024-04-07 21:00:00,JENB,0.0008523463179699
2024-04-07 22:00:00,JENB,0.0017046926927832
2024-04-07 23:00:00,JENB,0.0025570390675966
2024-04-08 00:00:00,JENB,0.0042796129378075
2024-04-08 01:00:00,JENB,0.0042796129378075
2024-04-08 02:00:00,JENB,0.0042796129378075
2024-04-08 03:00:00,JENB,0.0034272666198376
2024-04-08 04:00:00,JENB,0.0025749202450242
2024-04-08 05:00:00,JENB,0.0017225738702109
2024-04-08 06:00:00,JENB,0.0
2024-04-08 07:00:00,JENB,0.0
2024-04-08 08:00:00,JENB,0.0
2024-04-08 09:00:00,JENB,0.0
2024-04-08 10:00:00,JENB,0.0
2024-04-08 11:00:00,JENB,0.0
2024-04-08 12:00:00,JENB,0.0
2024-04-08 13:00:00,JENB,0.0
2024-04-08 14:00:00,JENB,0.0
2024-04-08 15:00:00,JENB,0.0
2024-04-08 16:00:00,JENB,0.0
2024-04-08 17:00:00,JENB,0.0
2024-04-08 18:00:00,JENB,0.0
2024-04-08 19:00:00,JENB,0.0
2024-04-08 20:00:00,JENB,0.0
2024-04-08 21:00:00,JENB,0.0
2024-04-08 22:00:00,JENB,0.0
2024-04-08 23:00:00,JENB,0.0
2024-04-09 00:00:00,JENB,0.0
2024-04-09 01:00:00,JENB,0.0
2024-04-09 02:00:00,JENB,0.0
2024-04-09 03:00:00,JENB,0.0
2024-04-09 04:00:00,JENB,0.0
2024-04-09 05:00:00,JENB,0.0004286058620432
2024-04-09 06:00:00,JENB,0.0008572117240865
2024-04-09 07:00:00,JENB,0.002144124448158
2024-04-09 08:00:00,JENB,0.0034310371722295
2024-04-09 09:00:00,JENB,0.004717949896301
2024-04-09 10:00:00,JENB,0.0060048626203725
2024-04-09 11:00:00,JENB,0.007715515970901
2024-04-09 12:00:00,JENB,0.0582505941118418
2024-04-09 13:00:00,JENB,0.3533357195587379
2024-04-09 14:00:00,JENB,0.7652043752872142
2024-04-09 15:00:00,JENB,1.3224791731283994
2024-04-09 16:00:00,JENB,2.223620626519166
2024-04-09 17:00:00,JENB,3.836203540860784
2024-04-09 18:00:00,JENB,6.515282871415489
2024-04-09 19:00:00,JENB,10.924586899849634
2024-04-09 20:00:00,JENB,17.314594307731465
2024-04-09 21:00:00,JENB,25.543494204612937
2024-04-09 22:00:00,JENB,35.39703740155197
2024-04-09 23:00:00,JENB,46.60643263758725
2024-04-10 00:00:00,JENB,58.817052717277335
2024-04-10 01:00:00,JENB,55.96079934274001
2024-04-10 02:00:00,JENB,52.58412339404417
2024-04-10 03:00:00,JENB,48.502723531228526
2024-04-10 04:00:00,JENB,43.613088318843005
2024-04-10 05:00:00,JENB,37.72329814271535
2024-04-10 06:00:00,JENB,30.596719517070756
2024-04-10 07:00:00,JENB,37.91456854443966
2024-04-10 08:00:00,JENB,44.75916680216093
2024-04-10 09:00:00,JENB,51.04271899751463
2024-04-10 10:00:00,JENB,56.59052055953399
2024-04-10 11:00:00,JENB,61.361009474950286
2024-04-10 12:00:00,JENB,65.47810457600363
2024-04-10 13:00:00,JENB,68.45838531932287
2024-04-10 14:00:00,JENB,70.51105133280682
2024-04-10 15:00:00,JENB,71.98264031680394
2024-04-10 16:00:00,JENB,73.10462048714425
2024-04-10 17:00:00,JENB,73.97820346338519
2024-04-10 18:00:00,JENB,74.66641713673987
2024-04-10 19:00:00,JENB,75.17511429310481
2024-04-10 20:00:00,JENB,75.51946284662395
2024-04-10 21:00:00,JENB,75.727610187645
2024-04-10 22:00:00,JENB,75.86087486687141
2024-04-10 23:00:00,JENB,75.95187560782335
2024-04-11 00:00:00,JENB,76.00203230722403
2024-04-11 01:00:00,JENB,63.34593914071725
2024-04-11 02:00:00,JENB,50.67811905807672
2024-04-11 03:00:00,JENB,38.00908102024852
2024-04-11 04:00:00,JENB,25.340003032993256
2024-04-11 05:00:00,JENB,12.670911362684738
2024-04-11 06:00:00,JENB,0.0016696160353338
2024-04-11 07:00:00,JENB,0.0018297949371635
2024-04-11 08:00:00,JENB,0.0018666567307265
2024-04-11 09:00:00,JENB,0.0018710610719085
2024-04-11 10:00:00,JENB,0.0018829175886573
2024-04-11 11:00:00,JENB,0.0059746443992313
2024-04-11 12:00:00,JENB,0.0100663712098053
2024-04-11 13:00:00,JENB,0.0141496622669443
2024-04-11 14:00:00,JENB,0.0182329533240833
2024-04-11 15:00:00,JENB,0.0223162443812223
2024-04-11 16:00:00,JENB,0.0263995354383614
2024-04-11 17:00:00,JENB,0.0263995354383614
2024-04-11 18:00:00,JENB,0.0263995354383614
2024-04-11 19:00:00,JENB,0.0263995354383614
2024-04-11 20:00:00,JENB,0.0263995354383614
2024-04-11 21:00:00,JENB,0.0263995354383614
2024-04-11 22:00:00,JENB,0.0263995354383614
2024-04-11 23:00:00,JENB,0.0263995354383614
2024-04-12 00:00:00,JENB,0.0263995354383614
2024-04-12 01:00:00,JENB,0.0219996128653011
2024-04-12 02:00:00,JENB,0.0175996902922409
2024-04-12 03:00:00,JENB,0.0131997677191807
2024-04-12 04:00:00,JENB,0.0087998451461204
2024-04-12 05:00:00,JENB,0.0043999225730602
2024-04-12 06:00:00,JENB,0.0
2024-04-12 07:00:00,JENB,0.0
2024-04-12 08:00:00,JENB,0.0
2024-04-12 09:00:00,JENB,0.0
2024-04-12 10:00:00,JENB,0.0
2024-04-12 11:00:00,JENB,0.0
2024-04-12 12:00:00,JENB,0.0
2024-04-12 13:00:00,JENB,0.0
2024-04-12 14:00:00,JENB,0.0
2024-04-12 15:00:00,JENB,0.0
2024-04-12 16:00:00,JENB,0.0
2024-04-12 17:00:00,JENB,0.0
2024-04-12 18:00:00,JENB,0.0
2024-04-12 19:00:00,JENB,0.0
2024-04-12 20:00:00,JENB,0.0
2024-04-12 21:00:00,JENB,0.0
2024-04-12 22:00:00,JENB,0.0
2024-04-12 23:00:00,JENB,0.0
2024-04-13 00:00:00,JENB,0.0
2024-04-13 01:00:00,JENB,0.0
2024-04-13 02:00:00,JENB,0.0
2024-04-13 03:00:00,JENB,0.0
2024-04-13 04:00:00,JENB,8.551908284559396e-06
2024-04-13 05:00:00,JENB,2.3945343196764737e-05
2024-04-13 06:00:00,JENB,3.933877810897008e-05
2024-04-13 07:00:00,JENB,5.473221302117541e-05
2024-04-13 08:00:00,JENB,7.012564793338076e-05
2024-04-13 09:00:00,JENB,8.55190828455861e-05
2024-04-13 10:00:00,JENB,9.236060947323205e-05
2024-04-13 11:00:00,JENB,0.0009464173156246
2024-04-13 12:00:00,JENB,0.001800474021776
2024-04-13 13:00:00,JENB,0.0035200674778492
2024-04-13 14:00:00,JENB,0.0052396609339224
2024-04-13 15:00:00,JENB,0.0069592543899956
2024-04-13 16:00:00,JENB,0.0086788478460688
2024-04-13 17:00:00,JENB,0.0095443845959906
2024-04-13 18:00:00,JENB,0.0104099213459124
2024-04-13 19:00:00,JENB,0.0104129017600501
2024-04-13 20:00:00,JENB,0.0104158821741878
2024-04-13 21:00:00,JENB,0.0104188625883255
2024-04-13 22:00:00,JENB,0.0104218430024632
2024-04-13 23:00:00,JENB,0.0104248234166009
2024-04-14 00:00:00,JENB,0.0104278038307386
2024-04-14 01:00:00,JENB,0.0086898365256155
2024-04-14 02:00:00,JENB,0.0069518692204924
2024-04-14 03:00:00,JENB,0.0052139019153693
2024-04-14 04:00:00,JENB,0.0034759346102462
2024-04-14 05:00:00,JENB,0.0017379673051231
2024-04-14 06:00:00,JENB,0.0
2024-04-14 07:00:00,JENB,0.0
2024-04-14 08:00:00,JENB,0.0
2024-04-14 09:00:00,JENB,0.0008583068620282
2024-04-14 10:00:00,JENB,0.0017166137240565
2024-04-14 11:00:00,JENB,0.0025749205860847
2024-04-14 12:00:00,JENB,0.0426812367579079
2024-04-14 13:00:00,JENB,0.0993826482383015
2024-04-14 14:00:00,JENB,0.1903056440333524
2024-04-14 15:00:00,JENB,0.2862615139951343
2024-04-14 16:00:00,JENB,0.3822173839569163
2024-04-14 17:00:00,JENB,0.4781732539186981
2024-04-14 18:00:00,JENB,0.5348811145706852
2024-04-14 19:00:00,JENB,0.5749938799141017
2024-04-14 20:00:00,JENB,0.580885060942861
2024-04-14 21:00:00,JENB,0.580885060942861
2024-04-14 22:00:00,JENB,0.580885060942861
2024-04-14 23:00:00,JENB,0.580885060942861
2024-04-15 00:00:00,JENB,0.5808997027441913
2024-04-15 01:00:00,JENB,0.4841154750594663
2024-04-15 02:00:00,JENB,0.3873960280799965
2024-04-15 03:00:00,JENB,0.2906763673028198
2024-04-15 04:00:00,JENB,0.1940717209620259
2024-04-15 05:00:00,JENB,0.0981172067522436
2024-04-15 06:00:00,JENB,0.31255775756753
2024-04-15 07:00:00,JENB,1.2834547942544303
2024-04-15 08:00:00,JENB,2.8798760312500717
2024-04-15 09:00:00,JENB,5.130710290665714
2024-04-15 10:00:00,JENB,8.578203864843662
2024-04-15 11:00:00,JENB,15.06325420201244
2024-04-15 12:00:00,JENB,23.068164794323238
2024-04-15 13:00:00,JENB,32.117061127072944
2024-04-15 14:00:00,JENB,41.88991216301298
2024-04-15 15:00:00,JENB,51.28855605772658
2024-04-15 16:00:00,JENB,59.5292049052452
2024-04-15 17:00:00,JENB,64.78372505324651
2024-04-15 18:00:00,JENB,71.33796346843394
2024-04-15 19:00:00,JENB,76.65765948631775
2024-04-15 20:00:00,JENB,81.39168261561879
2024-04-15 21:00:00,JENB,87.646171863851
2024-04-15 22:00:00,JENB,96.00526333584584
2024-04-15 23:00:00,JENB,105.8086635757994
2024-04-16 00:00:00,JENB,113.11363193343824
2024-04-16 01:00:00,JENB,98.05340384568022
2024-04-16 02:00:00,JENB,82.41099723082095
2024-04-16 03:00:00,JENB,65.33458213831454
2024-04-16 04:00:00,JENB,46.74983600165713
2024-04-16 05:00:00,JENB,27.579029552975797
2024-04-16 06:00:00,JENB,8.871824582842457
2024-04-16 07:00:00,JENB,12.642479416441738
2024-04-16 08:00:00,JENB,16.565464788877268
2024-04-16 09:00:00,JENB,20.441567393716504
2024-04-16 10:00:00,JENB,23.919466684814672
2024-04-16 11:00:00,JENB,26.692192866238003
2024-04-16 12:00:00,JENB,28.470771213205783
2024-04-16 13:00:00,JENB,29.719613713206755
2024-04-16 14:00:00,JENB,30.63610485487085
2024-04-16 15:00:00,JENB,31.236383927084976
2024-04-16 16:00:00,JENB,31.6075335937845
2024-04-16 17:00:00,JENB,31.783200546188624
2024-04-16 18:00:00,JENB,31.87346835532589
2024-04-16 19:00:00,JENB,31.95796748248823
2024-04-16 20:00:00,JENB,32.10116181855358
2024-04-16 21:00:00,JENB,32.273250669942755
2024-04-16 22:00:00,JENB,32.51603571672286
2024-04-16 23:00:00,JENB,32.849055536999174
2024-04-17 00:00:00,JENB,33.31365241091751
2024-04-17 01:00:00,JENB,28.086766152227145
2024-04-17 02:00:00,JENB,23.08103404678114
2024-04-17 03:00:00,JENB,18.57593189513493
2024-04-17 04:00:00,JENB,14.627316187722826
2024-04-17 05:00:00,JENB,10.981019258564586
2024-04-17 06:00:00,JENB,7.401541963103722
2024-04-17 07:00:00,JENB,10.371598465967011
2024-04-17 08:00:00,JENB,14.06928828334116
2024-04-17 09:00:00,JENB,18.26641911468325
2024-04-17 10:00:00,JENB,22.71303832433465
2024-04-17 11:00:00,JENB,27.44419613004149
2024-04-17 12:00:00,JENB,32.538738763958605
2024-04-17 13:00:00,JENB,37.17268216105811
2024-04-17 14:00:00,JENB,41.313989610748806
2024-04-17 15:00:00,JENB,44.92254881634352
2024-04-17 16:00:00,JENB,48.601236409242574
2024-04-17 17:00:00,JENB,53.00076034974165
2024-04-17 18:00:00,JENB,57.56875551312449
2024-04-17 19:00:00,JENB,62.07745588012504
2024-04-17 20:00:00,JENB,66.16054016218605
2024-04-17 21:00:00,JENB,69.80076188852951
2024-04-17 22:00:00,JENB,72.50690549725347
2024-04-17 23:00:00,JENB,73.80941442782878
2024-04-18 00:00:00,JENB,74.36731263059337
2024-04-18 01:00:00,JENB,62.10035191097855
2024-04-18 02:00:00,JENB,49.74592873258342
2024-04-18 03:00:00,JENB,37.34071934875158
2024-04-18 04:00:00,JENB,24.9478018562814
2024-04-18 05:00:00,JENB,12.613573229383377
2024-04-18 06:00:00,JENB,0.3671151758093499
2024-04-18 07:00:00,JENB,0.8878056417709954
2024-04-18 08:00:00,JENB,1.765685547771307
2024-04-18 09:00:00,JENB,2.9783157730429206
2024-04-18 10:00:00,JENB,4.490208194854953
2024-04-18 11:00:00,JENB,6.283502631441807
2024-04-18 12:00:00,JENB,8.360248844762829
2024-04-18 13:00:00,JENB,10.483531423720482
2024-04-18 14:00:00,JENB,12.587511885940716
2024-04-18 15:00:00,JENB,14.76076141648451
2024-04-18 16:00:00,JENB,16.968516409760554
2024-04-18 17:00:00,JENB,19.407920331037037
2024-04-18 18:00:00,JENB,21.54039387342561
2024-04-18 19:00:00,JENB,23.35578732112602
2024-04-18 20:00:00,JENB,24.933912711189407
2024-04-18 21:00:00,JENB,26.18197351804092
2024-04-18 22:00:00,JENB,27.131294411457787
2024-04-18 23:00:00,JENB,27.675080590022937
2024-04-19 00:00:00,JENB,28.242378385276204
2024-04-19 01:00:00,JENB,23.857337769153908
2024-04-19 02:00:00,JENB,19.39912720015136
2024-04-19 03:00:00,JENB,14.876392599347056
2024-04-19 04:00:00,JENB,10.298064754225663
2024-04-19 05:00:00,JENB,5.556616951877258
2024-04-19 06:00:00,JENB,0.7278097810938775
2024-04-19 07:00:00,JENB,0.8263916003546987
2024-04-19 08:00:00,JENB,0.9194417135221948
2024-04-19 09:00:00,JENB,1.0479329398127462
2024-04-19 10:00:00,JENB,1.2680845975847503
2024-04-19 11:00:00,JENB,1.5453774138812206
2024-04-19 12:00:00,JENB,1.870012107124942
2024-04-19 13:00:00,JENB,2.2301308811365965
2024-04-19 14:00:00,JENB,2.714134949542635
2024-04-19 15:00:00,JENB,3.4313096383269297
2024-04-19 16:00:00,JENB,4.486899626083909
2024-04-19 17:00:00,JENB,6.023399741328132
2024-04-19 18:00:00,JENB,8.08155473156046
2024-04-19 19:00:00,JENB,11.178951663680705
2024-04-19 20:00:00,JENB,15.202788322045164
2024-04-19 21:00:00,JENB,19.907288945300024
2024-04-19 22:00:00,JENB,24.99791165182827
2024-04-19 23:00:00,JENB,30.538927169637404
2024-04-20 00:00:00,JENB,36.60620336305813
2024-04-20 01:00:00,JENB,33.90906264003708
2024-04-20 02:00:00,JENB,31.0224134627105
2024-04-20 03:00:00,JENB,28.33532513200661
2024-04-20 04:00:00,JENB,25.57081563679088
2024-04-20 05:00:00,JENB,22.474719977068972
2024-04-20 06:00:00,JENB,18.74987602014164
2024-04-20 07:00:00,JENB,23.22820002942688
2024-04-20 08:00:00,JENB,27.416998891177137
2024-04-20 09:00:00,JENB,31.074915438139627
2024-04-20 10:00:00,JENB,34.462161793465995
2024-04-20 11:00:00,JENB,37.57398805164399
2024-04-20 12:00:00,JENB,40.5422904115468
2024-04-20 13:00:00,JENB,43.24939988129683
2024-04-20 14:00:00,JENB,45.60334945637466
2024-04-20 15:00:00,JENB,47.55122939250931
2024-04-20 16:00:00,JENB,49.23400642798055
2024-04-20 17:00:00,JENB,50.74816029015199
2024-04-20 18:00:00,JENB,51.98297693619087
2024-04-20 19:00:00,JENB,53.29682910197517
2024-04-20 20:00:00,JENB,54.5900459419922
2024-04-20 21:00:00,JENB,56.127307516894696
2024-04-20 22:00:00,JENB,57.68672062462194
2024-04-20 23:00:00,JENB,59.52467885667056
2024-04-21 00:00:00,JENB,61.556398498378215
2024-04-21 01:00:00,JENB,52.31861829716971
2024-04-21 02:00:00,JENB,43.11333607813324
2024-04-21 03:00:00,JENB,33.65258859017021
2024-04-21 04:00:00,JENB,24.12298005090165
2024-04-21 05:00:00,JENB,14.322793139883206
2024-04-21 06:00:00,JENB,4.654415108453436
2024-04-21 07:00:00,JENB,6.048614257232728
2024-04-21 08:00:00,JENB,7.302581514053574
2024-04-21 09:00:00,JENB,8.495245023094247
2024-04-21 10:00:00,JENB,9.74273856644177
2024-04-21 11:00:00,JENB,10.984594580747965
2024-04-21 12:00:00,JENB,12.0741718056745
2024-04-21 13:00:00,JENB,13.24966817917883
2024-04-21 14:00:00,JENB,14.560735299146971
2024-04-21 15:00:00,JENB,16.23709442124056
2024-04-21 16:00:00,JENB,18.363611061192916
2024-04-21 17:00:00,JENB,21.09740272853256
2024-04-21 18:00:00,JENB,24.29244759095099
2024-04-21 19:00:00,JENB,27.41655130432563
2024-04-21 20:00:00,JENB,30.40602243318962
2024-04-21 21:00:00,JENB,33.10234766488037
2024-04-21 22:00:00,JENB,35.301168197211325
2024-04-21 23:00:00,JENB,36.84484212434194
2024-04-22 00:00:00,JENB,37.85457457467341
2024-04-22 01:00:00,JENB,32.14759638091814
2024-04-22 02:00:00,JENB,26.500109961083627
2024-04-22 03:00:00,JENB,20.785444173744217
2024-04-22 04:00:00,JENB,15.068526364883493
2024-04-22 05:00:00,JENB,9.335943870882415
2024-04-22 06:00:00,JENB,3.59262585637968
2024-04-22 07:00:00,JENB,4.558790323842843
2024-04-22 08:00:00,JENB,5.499025954532402
2024-04-22 09:00:00,JENB,6.507280130003818
2024-04-22 10:00:00,JENB,7.652702958996463
2024-04-22 11:00:00,JENB,8.94069591519556
2024-04-22 12:00:00,JENB,10.402334668683345
2024-04-22 13:00:00,JENB,12.201754451645009
2024-04-22 14:00:00,JENB,14.351458855728936
2024-04-22 15:00:00,JENB,16.928297625025074
2024-04-22 16:00:00,JENB,19.90474560510173
2024-04-22 17:00:00,JENB,23.20431853743699
2024-04-22 18:00:00,JENB,26.77739770892344
2024-04-22 19:00:00,JENB,30.580699075312268
2024-04-22 20:00:00,JENB,34.50753488472224
2024-04-22 21:00:00,JENB,38.33321279847239
2024-04-22 22:00:00,JENB,42.01821841223628
2024-04-22 23:00:00,JENB,45.640585663626425
2024-04-23 00:00:00,JENB,49.23085239372782
2024-04-23 01:00:00,JENB,42.96155398815954
2024-04-23 02:00:00,JENB,36.4101461649844
2024-04-23 03:00:00,JENB,29.642819346082995
2024-04-23 04:00:00,JENB,22.604732566527183
2024-04-23 05:00:00,JENB,15.229150509480789
2024-04-23 06:00:00,JENB,7.444526366780527
2024-04-23 07:00:00,JENB,8.996412333198247
2024-04-23 08:00:00,JENB,10.497269193328016
2024-04-23 09:00:00,JENB,11.895808273746312
2024-04-23 10:00:00,JENB,13.353845962922676
2024-04-23 11:00:00,JENB,14.9623816487387
2024-04-23 12:00:00,JENB,16.735468151550794
2024-04-23 13:00:00,JENB,18.531951418637345
2024-04-23 14:00:00,JENB,20.253251578916263
2024-04-23 15:00:00,JENB,21.962318739353144
2024-04-23 16:00:00,JENB,23.503788916265776
2024-04-23 17:00:00,JENB,24.845359867479456
2024-04-23 18:00:00,JENB,26.086576897556878
2024-04-23 19:00:00,JENB,27.420291746366
2024-04-23 20:00:00,JENB,28.902853071685666
2024-04-23 21:00:00,JENB,30.43597708949157
2024-04-23 22:00:00,JENB,31.98832272036144
2024-04-23 23:00:00,JENB,33.555674587031746
2024-04-24 00:00:00,JENB,35.002569698546594
2024-04-24 01:00:00,JENB,29.88915928706348
2024-04-24 02:00:00,JENB,24.49053758951717
2024-04-24 03:00:00,JENB,18.95376207756043
2024-04-24 04:00:00,JENB,13.39234888791568
2024-04-24 05:00:00,JENB,7.853417190370274
2024-04-24 06:00:00,JENB,2.470002282447391
2024-04-24 07:00:00,JENB,3.633674364649228
2024-04-24 08:00:00,JENB,4.96664968267829
2024-04-24 09:00:00,JENB,6.3618675809386085
2024-04-24 10:00:00,JENB,7.754428227210621
2024-04-24 11:00:00,JENB,9.127377816995365
2024-04-24 12:00:00,JENB,10.3868221899098
2024-04-24 13:00:00,JENB,11.52994494477803
2024-04-24 14:00:00,JENB,12.701086721380308
2024-04-24 15:00:00,JENB,13.871575495094833
2024-04-24 16:00:00,JENB,14.9940804260465
2024-04-24 17:00:00,JENB,15.9651346139972
2024-04-24 18:00:00,JENB,16.826950451129715
2024-04-24 19:00:00,JENB,17.5093621553788
2024-04-24 20:00:00,JENB,17.92357568220466
2024-04-24 21:00:00,JENB,18.1494973946804
2024-04-24 22:00:00,JENB,18.25017226953476
2024-04-24 23:00:00,JENB,18.318557521624957
2024-04-25 00:00:00,JENB,18.372336406425667
2024-04-25 01:00:00,JENB,15.33162358752994
2024-04-25 02:00:00,JENB,12.283177464883003
2024-04-25 03:00:00,JENB,9.225879808804232
2024-04-25 04:00:00,JENB,6.159028494941883
2024-04-25 05:00:00,JENB,3.083381840622638
2024-04-25 06:00:00,JENB,0.0048039849145776
2024-04-25 07:00:00,JENB,0.0218981352663309
2024-04-25 08:00:00,JENB,0.0562276638474419
2024-04-25 09:00:00,JENB,0.1171791589769618
2024-04-25 10:00:00,JENB,0.2275081844120063
2024-04-25 11:00:00,JENB,0.3740436391512385
2024-04-25 12:00:00,JENB,0.5430117809181001
2024-04-25 13:00:00,JENB,0.7031183105190664
2024-04-25 14:00:00,JENB,0.8544691386298997
2024-04-25 15:00:00,JENB,0.980425159063702
2024-04-25 16:00:00,JENB,1.0571347792930257
2024-04-25 17:00:00,JENB,1.097631276153486
2024-04-25 18:00:00,JENB,1.1154970712375971
2024-04-25 19:00:00,JENB,1.1257859341672896
2024-04-25 20:00:00,JENB,1.127451091170129
2024-04-25 21:00:00,JENB,1.1280209341722505
2024-04-25 22:00:00,JENB,1.128938025305743
2024-04-25 23:00:00,JENB,1.1301307294439873
2024-04-26 00:00:00,JENB,1.1316366418332335
2024-04-26 01:00:00,JENB,0.9438229675368508
2024-04-26 02:00:00,JENB,0.7561202836071846
2024-04-26 03:00:00,JENB,0.5683100894917276
2024-04-26 04:00:00,JENB,0.3800293760013153
2024-04-26 05:00:00,JENB,0.1914434763247685
2024-04-26 06:00:00,JENB,0.0027632686045718
2024-04-26 07:00:00,JENB,0.0037220711144079
2024-04-26 08:00:00,JENB,0.0049918937280086
2024-04-26 09:00:00,JENB,0.0064577133562639
2024-04-26 10:00:00,JENB,0.0158465349737418
2024-04-26 11:00:00,JENB,0.0499121106157823
2024-04-26 12:00:00,JENB,0.1497976092841415
2024-04-26 13:00:00,JENB,0.2684155318949376
2024-04-26 14:00:00,JENB,0.397307804580251
2024-04-26 15:00:00,JENB,0.5301909956586306
2024-04-26 16:00:00,JENB,0.659078975080742
2024-04-26 17:00:00,JENB,0.7860635459516314
2024-04-26 18:00:00,JENB,0.8470281077870759
2024-04-26 19:00:00,JENB,0.8889441267441444
2024-04-26 20:00:00,JENB,0.9201685369923758
2024-04-26 21:00:00,JENB,0.947113423017222
2024-04-26 22:00:00,JENB,0.9700595176633122
2024-04-26 23:00:00,JENB,0.9701441651636308
2024-04-27 00:00:00,JENB,0.9710965550591136
2024-04-27 01:00:00,JENB,0.8094972370636334
2024-04-27 02:00:00,JENB,0.6480586717143445
2024-04-27 03:00:00,JENB,0.4868258640794765
2024-04-27 04:00:00,JENB,0.3257952364015404
2024-04-27 05:00:00,JENB,0.1650410313746361
2024-04-27 06:00:00,JENB,0.0035946640721323
2024-04-27 07:00:00,JENB,0.0053736924917654
2024-04-27 08:00:00,JENB,0.0076554663664809
2024-04-27 09:00:00,JENB,0.010654870969018
2024-04-27 10:00:00,JENB,0.0142466797288346
2024-04-27 11:00:00,JENB,0.0480935908207291
2024-04-27 12:00:00,JENB,0.0874456403596518
2024-04-27 13:00:00,JENB,0.1264093796341818
2024-04-27 14:00:00,JENB,0.1683894423032912
2024-04-27 15:00:00,JENB,0.2095626086452147
2024-04-27 16:00:00,JENB,0.2500484424696183
2024-04-27 17:00:00,JENB,0.2600327763731794
2024-04-27 18:00:00,JENB,0.2643346813284902
2024-04-27 19:00:00,JENB,0.2685282263966317
2024-04-27 20:00:00,JENB,0.2692526342748548
2024-04-27 21:00:00,JENB,0.2698871575269144
2024-04-27 22:00:00,JENB,0.2713412015202264
2024-04-27 23:00:00,JENB,0.2728189649269158
2024-04-28 00:00:00,JENB,0.275250721332899
2024-04-28 01:00:00,JENB,0.2303406117343716
2024-04-28 02:00:00,JENB,0.1852626581587517
2024-04-28 03:00:00,JENB,0.1402638947817696
2024-04-28 04:00:00,JENB,0.0944179303202992
2024-04-28 05:00:00,JENB,0.0485932089655728
2024-04-28 06:00:00,JENB,0.0018753062415662
2024-04-28 07:00:00,JENB,0.002513075552054
2024-04-28 08:00:00,JENB,0.0037534796557515
2024-04-28 09:00:00,JENB,0.0058904445369623
2024-04-28 10:00:00,JENB,0.0088258216348628
2024-04-28 11:00:00,JENB,0.0122283311801574
2024-04-28 12:00:00,JENB,0.016989209254781
2024-04-28 13:00:00,JENB,0.0226331580596685
2024-04-28 14:00:00,JENB,0.0285177281397304
2024-04-28 15:00:00,JENB,0.0342916659505432
2024-04-28 16:00:00,JENB,0.0392212484850826
2024-04-28 17:00:00,JENB,0.0435745001667612
2024-04-28 18:00:00,JENB,0.046491467872528
2024-04-28 19:00:00,JENB,0.0483312365299714
2024-04-28 20:00:00,JENB,0.0492801569540265
2024-04-28 21:00:00,JENB,0.0493305096556587
2024-04-28 22:00:00,JENB,0.0493305096556587
2024-04-28 23:00:00,JENB,0.0501891349271672
2024-04-29 00:00:00,JENB,0.0510576545420183
2024-04-29 01:00:00,JENB,0.0428359029327418
2024-04-29 02:00:00,JENB,0.0346141513234654
2024-04-29 03:00:00,JENB,0.0263923997141889
2024-04-29 04:00:00,JENB,0.0181706481049125
2024-04-29 05:00:00,JENB,0.0090902712241275
2024-04-29 06:00:00,JENB,0.0
2024-04-29 07:00:00,JENB,0.0
2024-04-29 08:00:00,JENB,0.0008583068620282
2024-04-29 09:00:00,JENB,0.0017166137240565
2024-04-29 10:00:00,JENB,0.0025749205860847
2024-04-29 11:00:00,JENB,0.003433227448113
2024-04-29 12:00:00,JENB,0.0042915343101412
2024-04-29 13:00:00,JENB,0.0051498411721695
2024-04-29 14:00:00,JENB,0.0051498411721695
2024-04-29 15:00:00,JENB,0.0051498411721695
2024-04-29 16:00:00,JENB,0.0051498411721695
2024-04-29 17:00:00,JENB,0.0051498411721695
2024-04-29 18:00:00,JENB,0.0051498411721695
2024-04-29 19:00:00,JENB,0.0051498411721695
2024-04-29 20:00:00,JENB,0.0051498411721695
2024-04-29 21:00:00,JENB,0.0051498411721695
2024-04-29 22:00:00,JENB,0.0051498411721695
2024-04-29 23:00:00,JENB,0.0051498411721695
2024-04-30 00:00:00,JENB,0.0060041382994313
2024-04-30 01:00:00,JENB,0.0051458314374031
2024-04-30 02:00:00,JENB,0.0042875245753748
2024-04-30 03:00:00,JENB,0.0034292177133465
2024-04-30 04:00:00,JENB,0.0025709108513183
2024-04-30 05:00:00,JENB,0.00171260398929
2024-04-30 06:00:00,JENB,0.0
2024-04-30 07:00:00,JENB,0.0
2024-04-30 08:00:00,JENB,0.0
2024-04-30 09:00:00,JENB,0.0
2024-04-30 10:00:00,JENB,0.0
2024-04-30 11:00:00,JENB,0.0
2024-04-30 12:00:00,JENB,0.0
2024-04-30 13:00:00,JENB,0.0
2024-04-30 14:00:00,JENB,0.0
2024-04-30 15:00:00,JENB,0.0
2024-04-30 16:00:00,JENB,0.0
2024-04-30 17:00:00,JENB,0.0
2024-04-30 18:00:00,JENB,0.0
2024-04-30 19:00:00,JENB,0.0
2024-04-30 20:00:00,JENB,0.0
2024-04-30 21:00:00,JENB,0.0
2024-04-30 22:00:00,JENB,0.0
2024-04-30 23:00:00,JENB,0.0
2024-05-01 00:00:00,JENB,0.0
2024-05-01 01:00:00,JENB,0.0
2024-05-01 02:00:00,JENB,0.0
2024-05-01 03:00:00,JENB,0.0
2024-05-01 04:00:00,JENB,0.0
2024-05-01 05:00:00,JENB,0.0
2024-05-01 06:00:00,JENB,0.0
2024-05-01 07:00:00,JENB,0.0008597968985668
2024-05-01 08:00:00,JENB,0.0017195937971337
2024-05-01 09:00:00,JENB,0.0027085245676408
2024-05-01 10:00:00,JENB,0.0038924388470358
2024-05-01 11:00:00,JENB,0.005118779339348
2024-05-01 12:00:00,JENB,0.0133581521916266
2024-05-01 13:00:00,JENB,0.0498212061769826
2024-05-01 14:00:00,JENB,0.2335676291199321
2024-05-01 15:00:00,JENB,0.485576396542126
2024-05-01 16:00:00,JENB,0.7409835342194395
2024-05-01 17:00:00,JENB,0.9999753793208987
2024-05-01 18:00:00,JENB,1.2617501400163853
2024-05-01 19:00:00,JENB,1.5259551880674231
2024-05-01 20:00:00,JENB,1.6468869520606533
2024-05-01 21:00:00,JENB,1.7021491894227143
2024-05-01 22:00:00,JENB,1.7551068485211163
2024-05-01 23:00:00,JENB,1.8051096236171376
2024-05-02 00:00:00,JENB,1.8459399381249268
2024-05-02 01:00:00,JENB,1.5450125789829718
2024-05-02 02:00:00,JENB,1.2414509465835235
2024-05-02 03:00:00,JENB,0.9374445228050368
2024-05-02 04:00:00,JENB,0.6379116290197171
2024-05-02 05:00:00,JENB,0.3485183194310873
2024-05-02 06:00:00,JENB,0.0719565008215108
2024-05-02 07:00:00,JENB,0.1753602436926193
2024-05-02 08:00:00,JENB,0.3115465705788349
2024-05-02 09:00:00,JENB,0.4613490603892343
2024-05-02 10:00:00,JENB,0.6401668870774582
2024-05-02 11:00:00,JENB,0.9810335176966573
2024-05-02 12:00:00,JENB,1.7135261405100015
2024-05-02 13:00:00,JENB,2.382797798894883
2024-05-02 14:00:00,JENB,3.0234488475782664
2024-05-02 15:00:00,JENB,3.653862372096777
2024-05-02 16:00:00,JENB,4.254411080047162
2024-05-02 17:00:00,JENB,4.684751043704324
2024-05-02 18:00:00,JENB,4.712662838289682
2024-05-02 19:00:00,JENB,4.981212637272746
2024-05-02 20:00:00,JENB,5.285657810109225
2024-05-02 21:00:00,JENB,5.587215479254925
2024-05-02 22:00:00,JENB,5.8922513282353695
2024-05-02 23:00:00,JENB,6.261159123956604
2024-05-03 00:00:00,JENB,6.767036554293728
2024-05-03 01:00:00,JENB,6.123985111840475
2024-05-03 02:00:00,JENB,5.997260927060769
2024-05-03 03:00:00,JENB,6.299966967804208
2024-05-03 04:00:00,JENB,6.916589151764202
2024-05-03 05:00:00,JENB,7.728106396299017
2024-05-03 06:00:00,JENB,8.63816659089509
2024-05-03 07:00:00,JENB,11.142533605667644
2024-05-03 08:00:00,JENB,13.642894791830706
2024-05-03 09:00:00,JENB,16.290993790829667
2024-05-03 10:00:00,JENB,19.170840965431687
2024-05-03 11:00:00,JENB,22.151238084197296
2024-05-03 12:00:00,JENB,25.24363546958287
2024-05-03 13:00:00,JENB,28.10300082682945
2024-05-03 14:00:00,JENB,30.782561509196047
2024-05-03 15:00:00,JENB,33.360837108042155
2024-05-03 16:00:00,JENB,35.841978348800595
2024-05-03 17:00:00,JENB,38.41724489754196
2024-05-03 18:00:00,JENB,41.13596103886506
2024-05-03 19:00:00,JENB,43.902489504935325
2024-05-03 20:00:00,JENB,46.7971825701251
2024-05-03 21:00:00,JENB,49.67625472039788
2024-05-03 22:00:00,JENB,52.475933043081405
2024-05-03 23:00:00,JENB,55.10781209121227
2024-05-04 00:00:00,JENB,57.44183596043659
2024-05-04 01:00:00,JENB,49.03282918847825
2024-05-04 02:00:00,JENB,40.19924169578887
2024-05-04 03:00:00,JENB,30.961507329936214
2024-05-04 04:00:00,JENB,21.369547313239835
2024-05-04 05:00:00,JENB,11.491783586640056
2024-05-04 06:00:00,JENB,1.4187745180469933
2024-05-04 07:00:00,JENB,1.5814991534549656
2024-05-04 08:00:00,JENB,1.667850785080324
2024-05-04 09:00:00,JENB,1.6965344721602165
2024-05-04 10:00:00,JENB,1.775945843002648
2024-05-04 11:00:00,JENB,1.9293648031293813
2024-05-04 12:00:00,JENB,2.0852966633104764
2024-05-04 13:00:00,JENB,2.248473671678892
2024-05-04 14:00:00,JENB,2.4143590830251545
2024-05-04 15:00:00,JENB,2.605165907877247
2024-05-04 16:00:00,JENB,3.702888519635688
2024-05-04 17:00:00,JENB,5.736127255524735
2024-05-04 18:00:00,JENB,7.774181468874856
2024-05-04 19:00:00,JENB,9.804990534037657
2024-05-04 20:00:00,JENB,11.832353460902878
2024-05-04 21:00:00,JENB,13.83357609502212
2024-05-04 22:00:00,JENB,14.85386318575011
2024-05-04 23:00:00,JENB,14.862135394588002
2024-05-05 00:00:00,JENB,14.863413532832856
2024-05-05 01:00:00,JENB,12.386674460183809
2024-05-05 02:00:00,JENB,9.909512334255243
2024-05-05 03:00:00,JENB,7.432353569944498
2024-05-05 04:00:00,JENB,4.955185390419198
2024-05-05 05:00:00,JENB,2.478017210893898
2024-05-05 06:00:00,JENB,0.0
2024-05-05 07:00:00,JENB,0.0
2024-05-05 08:00:00,JENB,0.0110406824724153
2024-05-05 09:00:00,JENB,0.0377783925937845
2024-05-05 10:00:00,JENB,0.0816703526491993
2024-05-05 11:00:00,JENB,0.2673300877025515
2024-05-05 12:00:00,JENB,0.4764976460508588
2024-05-05 13:00:00,JENB,0.693209774666351
2024-05-05 14:00:00,JENB,1.0001659059155177
2024-05-05 15:00:00,JENB,2.2178673080266376
2024-05-05 16:00:00,JENB,3.767377119584592
2024-05-05 17:00:00,JENB,5.276858920420043
2024-05-05 18:00:00,JENB,6.841540093122867
2024-05-05 19:00:00,JENB,8.398676695558505
2024-05-05 20:00:00,JENB,9.85453595306828
2024-05-05 21:00:00,JENB,10.383952912067144
2024-05-05 22:00:00,JENB,10.564407211685133
2024-05-05 23:00:00,JENB,10.643121747027685
2024-05-06 00:00:00,JENB,10.643194081710874
2024-05-06 01:00:00,JENB,8.869410131364997
2024-05-06 02:00:00,JENB,7.095683621544153
2024-05-06 03:00:00,JENB,5.322693907933446
2024-05-06 04:00:00,JENB,3.550075396738788
2024-05-06 05:00:00,JENB,1.777489382795611
2024-05-06 06:00:00,JENB,0.0049030360842219
2024-05-06 07:00:00,JENB,0.0089214273021513
2024-05-06 08:00:00,JENB,0.0170418147978402
2024-05-06 09:00:00,JENB,0.0302713963913404
2024-05-06 10:00:00,JENB,0.0629097780766716
2024-05-06 11:00:00,JENB,0.1540684973339665
2024-05-06 12:00:00,JENB,1.1396806596461724
2024-05-06 13:00:00,JENB,2.3621116281062875
2024-05-06 14:00:00,JENB,4.3926971900958405
2024-05-06 15:00:00,JENB,8.518921810987333
2024-05-06 16:00:00,JENB,14.165560664853537
2024-05-06 17:00:00,JENB,21.19851356113737
2024-05-06 18:00:00,JENB,27.894541543832517
2024-05-06 19:00:00,JENB,34.987530407773264
2024-05-06 20:00:00,JENB,41.738599807180215
2024-05-06 21:00:00,JENB,46.77925023004335
2024-05-06 22:00:00,JENB,50.79181948298291
2024-05-06 23:00:00,JENB,54.08761239900839
2024-05-07 00:00:00,JENB,57.847923846441134
2024-05-07 01:00:00,JENB,50.45118590321796
2024-05-07 02:00:00,JENB,43.32598684809659
2024-05-07 03:00:00,JENB,36.34791501755866
2024-05-07 04:00:00,JENB,29.310237641494822
2024-05-07 05:00:00,JENB,21.87535864078837
2024-05-07 06:00:00,JENB,13.71223862094928
2024-05-07 07:00:00,JENB,16.496584593790008
2024-05-07 08:00:00,JENB,18.89306090602418
2024-05-07 09:00:00,JENB,21.22715735267788
2024-05-07 10:00:00,JENB,23.782160263654717
2024-05-07 11:00:00,JENB,26.997349924652447
2024-05-07 12:00:00,JENB,30.68407485928423
2024-05-07 13:00:00,JENB,35.58610949051502
2024-05-07 14:00:00,JENB,40.81731006684191
2024-05-07 15:00:00,JENB,46.73947304826316
2024-05-07 16:00:00,JENB,53.278542859109606
2024-05-07 17:00:00,JENB,60.404526349249466
2024-05-07 18:00:00,JENB,68.19252656951514
2024-05-07 19:00:00,JENB,75.84947116077889
2024-05-07 20:00:00,JENB,84.17936377527171
2024-05-07 21:00:00,JENB,92.61013205228748
2024-05-07 22:00:00,JENB,100.89727185830318
2024-05-07 23:00:00,JENB,108.751367600789
2024-05-08 00:00:00,JENB,116.29320385528769
2024-05-08 01:00:00,JENB,100.70756626631746
2024-05-08 02:00:00,JENB,84.29998266414664
2024-05-08 03:00:00,JENB,67.34501850758059
2024-05-08 04:00:00,JENB,50.157890544978144
2024-05-08 05:00:00,JENB,32.74573014550318
2024-05-08 06:00:00,JENB,15.141812624447583
2024-05-08 07:00:00,JENB,19.85862504488397
2024-05-08 08:00:00,JENB,24.671737844771396
2024-05-08 09:00:00,JENB,29.38361927151049
2024-05-08 10:00:00,JENB,33.739782317919065
2024-05-08 11:00:00,JENB,37.76271693243204
2024-05-08 12:00:00,JENB,41.56663979010904
2024-05-08 13:00:00,JENB,45.34889062569342
2024-05-08 14:00:00,JENB,49.24513236020326
2024-05-08 15:00:00,JENB,53.22732882320503
2024-05-08 16:00:00,JENB,57.31643055631867
2024-05-08 17:00:00,JENB,61.38691075842896
2024-05-08 18:00:00,JENB,65.17609368273659
2024-05-08 19:00:00,JENB,68.66580374947263
2024-05-08 20:00:00,JENB,71.64963475121418
2024-05-08 21:00:00,JENB,74.13016887254969
2024-05-08 22:00:00,JENB,76.13666031391855
2024-05-08 23:00:00,JENB,77.73604870146983
2024-05-09 00:00:00,JENB,78.98485741824462
2024-05-09 01:00:00,JENB,66.34152360756993
2024-05-09 02:00:00,JENB,53.46413678934693
2024-05-09 03:00:00,JENB,40.387632455624086
2024-05-09 04:00:00,JENB,27.121136701281724
2024-05-09 05:00:00,JENB,13.711550489797832
2024-05-09 06:00:00,JENB,0.3668725308680106
2024-05-09 07:00:00,JENB,0.5999391131825949
2024-05-09 08:00:00,JENB,0.9104789448662431
2024-05-09 09:00:00,JENB,1.4481107265082316
2024-05-09 10:00:00,JENB,2.118099757654886
2024-05-09 11:00:00,JENB,2.917901874503061
2024-05-09 12:00:00,JENB,3.69004710651592
2024-05-09 13:00:00,JENB,4.483004465239446
2024-05-09 14:00:00,JENB,5.32393318052125
2024-05-09 15:00:00,JENB,6.008113238911149
2024-05-09 16:00:00,JENB,6.622605274431858
2024-05-09 17:00:00,JENB,7.09691372481695
2024-05-09 18:00:00,JENB,7.461547693336357
2024-05-09 19:00:00,JENB,7.736522487579479
2024-05-09 20:00:00,JENB,7.881454381463095
2024-05-09 21:00:00,JENB,7.95346307795147
2024-05-09 22:00:00,JENB,7.961121221864154
2024-05-09 23:00:00,JENB,7.96128049447274
2024-05-10 00:00:00,JENB,7.961345488975702
2024-05-10 01:00:00,JENB,6.634517995270501
2024-05-10 02:00:00,JENB,5.307720954793908
2024-05-10 03:00:00,JENB,3.981044677844343
2024-05-10 04:00:00,JENB,2.654690497506928
2024-05-10 05:00:00,JENB,1.3283624487763868
2024-05-10 06:00:00,JENB,0.0020344000458454
2024-05-10 07:00:00,JENB,0.0025588317169172
2024-05-10 08:00:00,JENB,0.0030528101593812
2024-05-10 09:00:00,JENB,0.0034270699200489
2024-05-10 10:00:00,JENB,0.0034792330685669
2024-05-10 11:00:00,JENB,0.0035052646102114
2024-05-10 12:00:00,JENB,0.0046947052572466
2024-05-10 13:00:00,JENB,0.0067174661835851
2024-05-10 14:00:00,JENB,0.0095972089386758
2024-05-10 15:00:00,JENB,0.0124877665552224
2024-05-10 16:00:00,JENB,0.0153783241717689
2024-05-10 17:00:00,JENB,0.0182688817883155
2024-05-10 18:00:00,JENB,0.0199960302994715
2024-05-10 19:00:00,JENB,0.0208648718349124
2024-05-10 20:00:00,JENB,0.0208767315416011
2024-05-10 21:00:00,JENB,0.0208767315416011
2024-05-10 22:00:00,JENB,0.0208767315416011
2024-05-10 23:00:00,JENB,0.0208767315416011
2024-05-11 00:00:00,JENB,0.0208767315416011
2024-05-11 01:00:00,JENB,0.0173972762846675
2024-05-11 02:00:00,JENB,0.013917821027734
2024-05-11 03:00:00,JENB,0.0104383657708005
2024-05-11 04:00:00,JENB,0.006958910513867
2024-05-11 05:00:00,JENB,0.0034794552569335
2024-05-11 06:00:00,JENB,0.0
2024-05-11 07:00:00,JENB,0.0
2024-05-11 08:00:00,JENB,0.0
2024-05-11 09:00:00,JENB,0.0
2024-05-11 10:00:00,JENB,0.0
2024-05-11 11:00:00,JENB,0.0
2024-05-11 12:00:00,JENB,0.0
2024-05-11 13:00:00,JENB,0.0
2024-05-11 14:00:00,JENB,0.0
2024-05-11 15:00:00,JENB,0.0
2024-05-11 16:00:00,JENB,0.0
2024-05-11 17:00:00,JENB,0.0
2024-05-11 18:00:00,JENB,0.0007711247073444
2024-05-11 19:00:00,JENB,0.0024958055200563
2024-05-11 20:00:00,JENB,0.0044770435813051
2024-05-11 21:00:00,JENB,0.008348143641766
2024-05-11 22:00:00,JENB,0.0141362458781304
2024-05-11 23:00:00,JENB,0.0204966898449845
2024-05-12 00:00:00,JENB,0.026218660256116
2024-05-12 01:00:00,JENB,0.024493979443404
2024-05-12 02:00:00,JENB,0.0225127413821553
2024-05-12 03:00:00,JENB,0.0186416413216944
2024-05-12 04:00:00,JENB,0.01285353908533
2024-05-12 05:00:00,JENB,0.0064930951184759
2024-05-12 06:00:00,JENB,0.0
2024-05-12 07:00:00,JENB,0.0
2024-05-12 08:00:00,JENB,0.0001291338150968
2024-05-12 09:00:00,JENB,0.0025864402184628
2024-05-12 10:00:00,JENB,0.005624140921454
2024-05-12 11:00:00,JENB,0.0228085389777276
2024-05-12 12:00:00,JENB,0.0592011301273942
2024-05-12 13:00:00,JENB,0.1534991765593636
2024-05-12 14:00:00,JENB,0.5000132528734142
2024-05-12 15:00:00,JENB,0.864476487369337
2024-05-12 16:00:00,JENB,1.2283593275656348
2024-05-12 17:00:00,JENB,1.57809547040865
2024-05-12 18:00:00,JENB,1.9086234201582724
2024-05-12 19:00:00,JENB,2.181245914625592
2024-05-12 20:00:00,JENB,2.2015232453957334
2024-05-12 21:00:00,JENB,2.2015232453957334
2024-05-12 22:00:00,JENB,2.2015232453957334
2024-05-12 23:00:00,JENB,2.205331213878612
2024-05-13 00:00:00,JENB,2.212195203504576
2024-05-13 01:00:00,JENB,1.8491117695886792
2024-05-13 02:00:00,JENB,1.4873703976396406
2024-05-13 03:00:00,JENB,1.1256862716974854
2024-05-13 04:00:00,JENB,0.7640021457553301
2024-05-13 05:00:00,JENB,0.3985136817933925
2024-05-13 06:00:00,JENB,0.062325574559136
2024-05-13 07:00:00,JENB,0.254369085260188
2024-05-13 08:00:00,JENB,0.635370109444858
2024-05-13 09:00:00,JENB,1.267228714184815
2024-05-13 10:00:00,JENB,2.770969233312436
2024-05-13 11:00:00,JENB,4.844998413233094
2024-05-13 12:00:00,JENB,9.92163859184253
2024-05-13 13:00:00,JENB,17.89665431140841
2024-05-13 14:00:00,JENB,25.910625716241487
2024-05-13 15:00:00,JENB,33.84055220621997
2024-05-13 16:00:00,JENB,41.50004921547402
2024-05-13 17:00:00,JENB,48.77534610874328
2024-05-13 18:00:00,JENB,53.02484477308012
2024-05-13 19:00:00,JENB,54.22380189314103
2024-05-13 20:00:00,JENB,55.19427860248192
2024-05-13 21:00:00,JENB,55.99795039461819
2024-05-13 22:00:00,JENB,56.20016975309123
2024-05-13 23:00:00,JENB,56.21629693629292
2024-05-14 00:00:00,JENB,56.223245637710185
2024-05-14 01:00:00,JENB,46.85339218039894
2024-05-14 02:00:00,JENB,37.48276387309007
2024-05-14 03:00:00,JENB,28.112070571278224
2024-05-14 04:00:00,JENB,18.741377269466376
2024-05-14 05:00:00,JENB,9.370683967654536
2024-05-14 06:00:00,JENB,0.0003228089241548
2024-05-14 07:00:00,JENB,0.0006959705499419
2024-05-14 08:00:00,JENB,0.0403622253527456
2024-05-14 09:00:00,JENB,0.1161363481777744
2024-05-14 10:00:00,JENB,0.2160121537509469
2024-05-14 11:00:00,JENB,0.3547776846401649
2024-05-14 12:00:00,JENB,0.5342074782944024
2024-05-14 13:00:00,JENB,0.7452853578623266
2024-05-14 14:00:00,JENB,0.9453084809318252
2024-05-14 15:00:00,JENB,1.1204309880618393
2024-05-14 16:00:00,JENB,1.2750160025540012
2024-05-14 17:00:00,JENB,1.394931638651968
2024-05-14 18:00:00,JENB,1.4761164997135394
2024-05-14 19:00:00,JENB,1.5256679166627545
2024-05-14 20:00:00,JENB,1.547112317012152
2024-05-14 21:00:00,JENB,1.5574767921390378
2024-05-14 22:00:00,JENB,1.5643580445327732
2024-05-14 23:00:00,JENB,1.5670839445076208
2024-05-15 00:00:00,JENB,1.5676185423326523
2024-05-15 01:00:00,JENB,1.306745645600237
2024-05-15 02:00:00,JENB,1.0458709901995598
2024-05-15 03:00:00,JENB,0.7849836896068239
2024-05-15 04:00:00,JENB,0.5242102154914302
2024-05-15 05:00:00,JENB,0.2641419943897967
2024-05-15 06:00:00,JENB,0.0077538683816194
2024-05-15 07:00:00,JENB,0.0511877046419406
2024-05-15 08:00:00,JENB,0.1616975693342881
2024-05-15 09:00:00,JENB,0.427750723302868
2024-05-15 10:00:00,JENB,0.9019760894443092
2024-05-15 11:00:00,JENB,1.737455597401249
2024-05-15 12:00:00,JENB,3.0473114505153718
2024-05-15 13:00:00,JENB,4.668832081150166
2024-05-15 14:00:00,JENB,6.399553772312704
2024-05-15 15:00:00,JENB,8.05051262845366
2024-05-15 16:00:00,JENB,9.524785169470292
2024-05-15 17:00:00,JENB,10.648072476705902
2024-05-15 18:00:00,JENB,11.299765705220947
2024-05-15 19:00:00,JENB,11.630898287896793
2024-05-15 20:00:00,JENB,11.816897295954911
2024-05-15 21:00:00,JENB,11.94104160699312
2024-05-15 22:00:00,JENB,12.046812153847856
2024-05-15 23:00:00,JENB,12.156028037605648
2024-05-16 00:00:00,JENB,12.277133937418654
2024-05-16 01:00:00,JENB,10.293485602888271
2024-05-16 02:00:00,JENB,8.29604482117837
2024-05-16 03:00:00,JENB,6.29579875794189
2024-05-16 04:00:00,JENB,4.2853847750934655
2024-05-16 05:00:00,JENB,2.261663003186792
2024-05-16 06:00:00,JENB,0.2195946519711941
2024-05-16 07:00:00,JENB,0.2583638609903242
2024-05-16 08:00:00,JENB,0.2981928724199605
2024-05-16 09:00:00,JENB,0.4012617808906974
2024-05-16 10:00:00,JENB,0.5109672590671107
2024-05-16 11:00:00,JENB,0.6262263367767741
2024-05-16 12:00:00,JENB,0.7531391267383468
2024-05-16 13:00:00,JENB,0.8899283837028005
2024-05-16 14:00:00,JENB,1.205673766903947
2024-05-16 15:00:00,JENB,1.5021103075037632
2024-05-16 16:00:00,JENB,2.0738112791229506
2024-05-16 17:00:00,JENB,2.6397939246454074
2024-05-16 18:00:00,JENB,3.195960508933175
2024-05-16 19:00:00,JENB,3.7601937335547433
2024-05-16 20:00:00,JENB,5.090062612129721
2024-05-16 21:00:00,JENB,8.330795661700787
2024-05-16 22:00:00,JENB,15.584195268004883
2024-05-16 23:00:00,JENB,27.518900571825483
2024-05-17 00:00:00,JENB,44.611102937230406
2024-05-17 01:00:00,JENB,47.02620843148086
2024-05-17 02:00:00,JENB,50.24714012698079
2024-05-17 03:00:00,JENB,52.77159745657434
2024-05-17 04:00:00,JENB,52.30401304625072
2024-05-17 05:00:00,JENB,48.42775856913936
2024-05-17 06:00:00,JENB,40.52169494498095
2024-05-17 07:00:00,JENB,47.86959518851513
2024-05-17 08:00:00,JENB,53.75935673483652
2024-05-17 09:00:00,JENB,58.720999552079206
2024-05-17 10:00:00,JENB,62.7483635668879
2024-05-17 11:00:00,JENB,67.73423162344456
2024-05-17 12:00:00,JENB,72.16248817270257
2024-05-17 13:00:00,JENB,78.43933971598636
2024-05-17 14:00:00,JENB,85.21185952406573
2024-05-17 15:00:00,JENB,92.76324705502006
2024-05-17 16:00:00,JENB,100.4887139073852
2024-05-17 17:00:00,JENB,106.55190984081742
2024-05-17 18:00:00,JENB,112.62762891948212
2024-05-17 19:00:00,JENB,116.40924146239486
2024-05-17 20:00:00,JENB,119.47442401211924
2024-05-17 21:00:00,JENB,121.43075802777004
2024-05-17 22:00:00,JENB,122.84335021950388
2024-05-17 23:00:00,JENB,123.68638448978557
2024-05-18 00:00:00,JENB,123.94523224165084
2024-05-18 01:00:00,JENB,103.37182711397098
2024-05-18 02:00:00,JENB,82.70836383308946
2024-05-18 03:00:00,JENB,62.03344770604255
2024-05-18 04:00:00,JENB,41.35681072048445
2024-05-18 05:00:00,JENB,20.67985092600218
2024-05-18 06:00:00,JENB,0.0025696536686086
2024-05-18 07:00:00,JENB,0.0025757789447714
2024-05-18 08:00:00,JENB,0.0805515091314839
2024-05-18 09:00:00,JENB,0.2663382849732105
2024-05-18 10:00:00,JENB,0.5768780885083277
2024-05-18 11:00:00,JENB,1.052685680202554
2024-05-18 12:00:00,JENB,1.6381437935370071
2024-05-18 13:00:00,JENB,2.2441006086362085
2024-05-18 14:00:00,JENB,2.7970912039439195
2024-05-18 15:00:00,JENB,3.2746992797937446
2024-05-18 16:00:00,JENB,3.962783179467289
2024-05-18 17:00:00,JENB,5.083820894002169
2024-05-18 18:00:00,JENB,6.271316920331476
2024-05-18 19:00:00,JENB,7.570470911427557
2024-05-18 20:00:00,JENB,9.062593641642849
2024-05-18 21:00:00,JENB,10.808768060632987
2024-05-18 22:00:00,JENB,12.324171610452144
2024-05-18 23:00:00,JENB,13.286162680739327
2024-05-19 00:00:00,JENB,14.079797137553388
2024-05-19 01:00:00,JENB,12.175683649324757
2024-05-19 02:00:00,JENB,10.053597989444253
2024-05-19 03:00:00,JENB,7.645028484128673
2024-05-19 04:00:00,JENB,5.131995275515923
2024-05-19 05:00:00,JENB,2.574152943414702
2024-05-19 06:00:00,JENB,0.0085583913519486
2024-05-19 07:00:00,JENB,0.0180448012217759
2024-05-19 08:00:00,JENB,0.2276589611314987
2024-05-19 09:00:00,JENB,0.6158875030337101
2024-05-19 10:00:00,JENB,2.351841222206445
2024-05-19 11:00:00,JENB,7.908209649711099
2024-05-19 12:00:00,JENB,14.234613286887663
2024-05-19 13:00:00,JENB,20.76612352061185
2024-05-19 14:00:00,JENB,27.590835329374556
2024-05-19 15:00:00,JENB,36.06441787140042
2024-05-19 16:00:00,JENB,44.79684027374749
2024-05-19 17:00:00,JENB,50.54389748815579
2024-05-19 18:00:00,JENB,55.69320412257179
2024-05-19 19:00:00,JENB,60.64696707985602
2024-05-19 20:00:00,JENB,65.25576013280916
2024-05-19 21:00:00,JENB,68.1119240110687
2024-05-19 22:00:00,JENB,69.36623775585548
2024-05-19 23:00:00,JENB,69.78716552044465
2024-05-20 00:00:00,JENB,70.03665921930225
2024-05-20 01:00:00,JENB,58.54047151182365
2024-05-20 02:00:00,JENB,46.89592459739545
2024-05-20 03:00:00,JENB,35.17652174240518
2024-05-20 04:00:00,JENB,23.452407043049817
2024-05-20 05:00:00,JENB,11.726628803498926
2024-05-20 06:00:00,JENB,0.0
2024-05-20 07:00:00,JENB,0.002922788958407
2024-05-20 08:00:00,JENB,0.0079859904608191
2024-05-20 09:00:00,JENB,0.1402246906624413
2024-05-20 10:00:00,JENB,0.2819831253879886
2024-05-20 11:00:00,JENB,0.4271096592984122
2024-05-20 12:00:00,JENB,0.5761079130453011
2024-05-20 13:00:00,JENB,0.7305448608072612
2024-05-20 14:00:00,JENB,1.1108302255927296
2024-05-20 15:00:00,JENB,1.4469936262591274
2024-05-20 16:00:00,JENB,1.780212509457313
2024-05-20 17:00:00,JENB,2.110167117152784
2024-05-20 18:00:00,JENB,2.4362646468131195
2024-05-20 19:00:00,JENB,2.754000693499977
2024-05-20 20:00:00,JENB,2.8437479106193213
2024-05-20 21:00:00,JENB,2.8504415931585263
2024-05-20 22:00:00,JENB,2.851149626723806
2024-05-20 23:00:00,JENB,2.884680384364535
2024-05-21 00:00:00,JENB,3.120056680916557
2024-05-21 01:00:00,JENB,2.6792315609794253
2024-05-21 02:00:00,JENB,2.5539377568568407
2024-05-21 03:00:00,JENB,2.8439370577740584
2024-05-21 04:00:00,JENB,3.553897438469704
2024-05-21 05:00:00,JENB,4.7093647123806255
2024-05-21 06:00:00,JENB,6.066769428633256
2024-05-21 07:00:00,JENB,8.49380765210568
2024-05-21 08:00:00,JENB,11.235321455339363
2024-05-21 09:00:00,JENB,14.197936766509
2024-05-21 10:00:00,JENB,17.826951826182725
2024-05-21 11:00:00,JENB,22.425658737924017
2024-05-21 12:00:00,JENB,28.051293869755558
2024-05-21 13:00:00,JENB,34.440192803908374
2024-05-21 14:00:00,JENB,41.249530555170175
2024-05-21 15:00:00,JENB,48.512454876734864
2024-05-21 16:00:00,JENB,55.9172371581437
2024-05-21 17:00:00,JENB,63.0562042197703
2024-05-21 18:00:00,JENB,69.53809783871023
2024-05-21 19:00:00,JENB,75.80414168432353
2024-05-21 20:00:00,JENB,81.62317451370711
2024-05-21 21:00:00,JENB,86.7055636065804
2024-05-21 22:00:00,JENB,90.74891592175024
2024-05-21 23:00:00,JENB,93.71159078585252
2024-05-22 00:00:00,JENB,95.95079892716896
2024-05-22 01:00:00,JENB,80.85573683935017
2024-05-22 02:00:00,JENB,65.16331923828976
2024-05-22 03:00:00,JENB,49.117628757368536
2024-05-22 04:00:00,JENB,32.882229031248094
2024-05-22 05:00:00,JENB,16.545261677439985
2024-05-22 06:00:00,JENB,0.1589760833750876
2024-05-22 07:00:00,JENB,0.3580865910814972
2024-05-22 08:00:00,JENB,0.6688647202121718
2024-05-22 09:00:00,JENB,1.1081514428768116
2024-05-22 10:00:00,JENB,1.7155045327707044
2024-05-22 11:00:00,JENB,2.5427169994597287
2024-05-22 12:00:00,JENB,3.691969422592013
2024-05-22 13:00:00,JENB,7.715925915011036
2024-05-22 14:00:00,JENB,12.656934770075363
2024-05-22 15:00:00,JENB,18.75522507944779
2024-05-22 16:00:00,JENB,24.898049074714905
2024-05-22 17:00:00,JENB,31.179555721835776
2024-05-22 18:00:00,JENB,37.1866135499609
2024-05-22 19:00:00,JENB,40.12731953033512
2024-05-22 20:00:00,JENB,42.03322634342632
2024-05-22 21:00:00,JENB,42.65413675552042
2024-05-22 22:00:00,JENB,43.06647392284123
2024-05-22 23:00:00,JENB,43.12104057558021
2024-05-23 00:00:00,JENB,43.1280368661488
2024-05-23 01:00:00,JENB,35.94307613698448
2024-05-23 02:00:00,JENB,28.758115574204258
2024-05-23 03:00:00,JENB,21.57229679767153
2024-05-23 04:00:00,JENB,14.382388879482344
2024-05-23 05:00:00,JENB,7.191644452723156
2024-05-23 06:00:00,JENB,1.1813271527081637e-05
2024-05-23 07:00:00,JENB,0.0175978829588566
2024-05-23 08:00:00,JENB,0.1202534233008682
2024-05-23 09:00:00,JENB,0.2552453627110259
2024-05-23 10:00:00,JENB,0.4471975883199921
2024-05-23 11:00:00,JENB,0.7927700519692893
2024-05-23 12:00:00,JENB,2.184775557146227
2024-05-23 13:00:00,JENB,4.593530555847268
2024-05-23 14:00:00,JENB,9.835981105026686
2024-05-23 15:00:00,JENB,16.90946368666302
2024-05-23 16:00:00,JENB,24.774075060228597
2024-05-23 17:00:00,JENB,33.165921995975594
2024-05-23 18:00:00,JENB,40.69877680857999
2024-05-23 19:00:00,JENB,47.84667905682195
2024-05-23 20:00:00,JENB,52.13358813795218
2024-05-23 21:00:00,JENB,54.57550857569529
2024-05-23 22:00:00,JENB,56.17306639025293
2024-05-23 23:00:00,JENB,57.09292665139775
2024-05-24 00:00:00,JENB,57.82849555453628
2024-05-24 01:00:00,JENB,48.25473956843815
2024-05-24 02:00:00,JENB,38.6240696618882
2024-05-24 03:00:00,JENB,28.97587894119392
2024-05-24 04:00:00,JENB,19.326436746965328
2024-05-24 05:00:00,JENB,9.677371453308192
2024-05-24 06:00:00,JENB,0.0415354911877558
2024-05-24 07:00:00,JENB,0.2550576349270222
2024-05-24 08:00:00,JENB,0.5345076161766673
2024-05-24 09:00:00,JENB,0.9681674623194304
2024-05-24 10:00:00,JENB,1.645757558953502
2024-05-24 11:00:00,JENB,2.61288608958754
2024-05-24 12:00:00,JENB,4.641564735653391
2024-05-24 13:00:00,JENB,8.908177471823887
2024-05-24 14:00:00,JENB,15.91937181504652
2024-05-24 15:00:00,JENB,23.602942991626243
2024-05-24 16:00:00,JENB,31.20750299458246
2024-05-24 17:00:00,JENB,38.63726560606427
2024-05-24 18:00:00,JENB,45.03795405074269
2024-05-24 19:00:00,JENB,49.05363286789329
2024-05-24 20:00:00,JENB,50.29092302555631
2024-05-24 21:00:00,JENB,51.558703511580575
2024-05-24 22:00:00,JENB,52.9516715213177
2024-05-24 23:00:00,JENB,54.25597811443094
2024-05-25 00:00:00,JENB,55.52280521151426
2024-05-25 01:00:00,JENB,47.03994644562644
2024-05-25 02:00:00,JENB,38.52582610612405
2024-05-25 03:00:00,JENB,29.15658155199592
2024-05-25 04:00:00,JENB,19.853927076242343
2024-05-25 05:00:00,JENB,10.799661012322224
2024-05-25 06:00:00,JENB,1.8066683484253196
2024-05-25 07:00:00,JENB,2.8253991332479256
2024-05-25 08:00:00,JENB,4.57898373858523
2024-05-25 09:00:00,JENB,7.2956115436174365
2024-05-25 10:00:00,JENB,10.418568807637191
2024-05-25 11:00:00,JENB,14.615480663957031
2024-05-25 12:00:00,JENB,19.406913841283952
2024-05-25 13:00:00,JENB,24.836616455133964
2024-05-25 14:00:00,JENB,30.312552336361502
2024-05-25 15:00:00,JENB,35.27060151025151
2024-05-25 16:00:00,JENB,39.89697040404994
2024-05-25 17:00:00,JENB,43.46181083546119
2024-05-25 18:00:00,JENB,46.49921860408752
2024-05-25 19:00:00,JENB,49.49524104820168
2024-05-25 20:00:00,JENB,52.23630129180779
2024-05-25 21:00:00,JENB,54.79828768792893
2024-05-25 22:00:00,JENB,56.950724671877865
2024-05-25 23:00:00,JENB,58.81942245188599
2024-05-26 00:00:00,JENB,60.55127886135991
2024-05-26 01:00:00,JENB,51.09444741076265
2024-05-26 02:00:00,JENB,41.10977194613564
2024-05-26 03:00:00,JENB,30.85620171788872
2024-05-26 04:00:00,JENB,20.57836006255452
2024-05-26 05:00:00,JENB,10.293835557058935
2024-05-26 06:00:00,JENB,0.0064144118791868
2024-05-26 07:00:00,JENB,0.0064189173466198
2024-05-26 08:00:00,JENB,0.0114015994410364
2024-05-26 09:00:00,JENB,0.1299072751526984
2024-05-26 10:00:00,JENB,0.3436067605873111
2024-05-26 11:00:00,JENB,0.641786119653713
2024-05-26 12:00:00,JENB,1.0953095127221752
2024-05-26 13:00:00,JENB,1.7424314010952655
2024-05-26 14:00:00,JENB,2.4374398791732994
2024-05-26 15:00:00,JENB,3.0738143561906908
2024-05-26 16:00:00,JENB,3.637856472990251
2024-05-26 17:00:00,JENB,4.11741145523183
2024-05-26 18:00:00,JENB,4.441623010930347
2024-05-26 19:00:00,JENB,4.572236071324237
2024-05-26 20:00:00,JENB,4.6499861806177485
2024-05-26 21:00:00,JENB,4.672847630122867
2024-05-26 22:00:00,JENB,4.672847630122867
2024-05-26 23:00:00,JENB,4.672847630122867
2024-05-27 00:00:00,JENB,4.672847630122867
2024-05-27 01:00:00,JENB,3.8940396917690574
2024-05-27 02:00:00,JENB,3.1152317534152463
2024-05-27 03:00:00,JENB,2.336423815061435
2024-05-27 04:00:00,JENB,1.557615876707624
2024-05-27 05:00:00,JENB,0.7788079383538129
2024-05-27 06:00:00,JENB,0.0
2024-05-27 07:00:00,JENB,0.0001949835088897
2024-05-27 08:00:00,JENB,0.0136436325589937
2024-05-27 09:00:00,JENB,0.0636831876768575
2024-05-27 10:00:00,JENB,0.1205818333362239
2024-05-27 11:00:00,JENB,0.2042537515457916
2024-05-27 12:00:00,JENB,0.3479926425006368
2024-05-27 13:00:00,JENB,0.689444019636076
2024-05-27 14:00:00,JENB,4.669295733067235
2024-05-27 15:00:00,JENB,8.998065118623693
2024-05-27 16:00:00,JENB,13.52067923014017
2024-05-27 17:00:00,JENB,18.22717369993391
2024-05-27 18:00:00,JENB,23.50095879953277
2024-05-27 19:00:00,JENB,28.842586730098724
2024-05-27 20:00:00,JENB,31.175941841544017
2024-05-27 21:00:00,JENB,34.92455125966698
2024-05-27 22:00:00,JENB,40.70172073930407
2024-05-27 23:00:00,JENB,48.546000205643786
2024-05-28 00:00:00,JENB,57.10185519164592
2024-05-28 01:00:00,JENB,52.68578213892251
2024-05-28 02:00:00,JENB,48.9414238626957
2024-05-28 03:00:00,JENB,44.67000446946339
2024-05-28 04:00:00,JENB,39.65199034911204
2024-05-28 05:00:00,JENB,33.96783055921909
2024-05-28 06:00:00,JENB,28.127594062973515
2024-05-28 07:00:00,JENB,36.30144613706607
2024-05-28 08:00:00,JENB,44.02402144603921
2024-05-28 09:00:00,JENB,51.07973845793961
2024-05-28 10:00:00,JENB,57.22782505521876
2024-05-28 11:00:00,JENB,62.18348646314021
2024-05-28 12:00:00,JENB,66.34953694147073
2024-05-28 13:00:00,JENB,69.70687209369518
2024-05-28 14:00:00,JENB,72.45574653531307
2024-05-28 15:00:00,JENB,74.79934841253107
2024-05-28 16:00:00,JENB,76.71632356095164
2024-05-28 17:00:00,JENB,78.29295582819968
2024-05-28 18:00:00,JENB,79.50792300459187
2024-05-28 19:00:00,JENB,80.22419521264426
2024-05-28 20:00:00,JENB,80.68510893720975
2024-05-28 21:00:00,JENB,80.94445175538263
2024-05-28 22:00:00,JENB,81.05538256607761
2024-05-28 23:00:00,JENB,81.08746349931431
2024-05-29 00:00:00,JENB,81.08796403713757
2024-05-29 01:00:00,JENB,67.57331148859419
2024-05-29 02:00:00,JENB,54.05867518867653
2024-05-29 03:00:00,JENB,40.54404045777274
2024-05-29 04:00:00,JENB,27.029405726868948
2024-05-29 05:00:00,JENB,13.514770995965154
2024-05-29 06:00:00,JENB,0.0001362650613612
2024-05-29 07:00:00,JENB,0.00015408270096
2024-05-29 08:00:00,JENB,0.0001556517148145
2024-05-29 09:00:00,JENB,0.0001556517148145
2024-05-29 10:00:00,JENB,0.0001565069056465
2024-05-29 11:00:00,JENB,0.0001571724420707
2024-05-29 12:00:00,JENB,0.0001578379784948
2024-05-29 13:00:00,JENB,0.0092590558447893
2024-05-29 14:00:00,JENB,0.0422043935873386
2024-05-29 15:00:00,JENB,0.1809042266127442
2024-05-29 16:00:00,JENB,0.4885315772686971
2024-05-29 17:00:00,JENB,0.8807426579911788
2024-05-29 18:00:00,JENB,1.373466756615496
2024-05-29 19:00:00,JENB,1.9975698341564367
2024-05-29 20:00:00,JENB,2.978040003399557
2024-05-29 21:00:00,JENB,4.331619770793834
2024-05-29 22:00:00,JENB,5.632797321752039
2024-05-29 23:00:00,JENB,6.862781590042924
2024-05-30 00:00:00,JENB,8.020164613808614
2024-05-30 01:00:00,JENB,7.513042984205874
2024-05-30 02:00:00,JENB,6.710624500303388
2024-05-30 03:00:00,JENB,5.627515451350253
2024-05-30 04:00:00,JENB,5.362709257975798
2024-05-30 05:00:00,JENB,5.916149874105658
2024-05-30 06:00:00,JENB,8.588890159523583
2024-05-30 07:00:00,JENB,14.274895248197096
2024-05-30 08:00:00,JENB,20.02777768681224
2024-05-30 09:00:00,JENB,25.66955215285701
2024-05-30 10:00:00,JENB,30.61362219670086
2024-05-30 11:00:00,JENB,34.831745940517735
2024-05-30 12:00:00,JENB,37.01072041233665
2024-05-30 13:00:00,JENB,38.45774615479395
2024-05-30 14:00:00,JENB,42.91023795369934
2024-05-30 15:00:00,JENB,49.9095054131979
2024-05-30 16:00:00,JENB,57.57979680157735
2024-05-30 17:00:00,JENB,65.50978733666295
2024-05-30 18:00:00,JENB,73.87594485931002
2024-05-30 19:00:00,JENB,82.30376997593721
2024-05-30 20:00:00,JENB,88.44780541972516
2024-05-30 21:00:00,JENB,93.135470077632
2024-05-30 22:00:00,JENB,97.7100010553314
2024-05-30 23:00:00,JENB,102.78705152076115
2024-05-31 00:00:00,JENB,108.2286183900031
2024-05-31 01:00:00,JENB,93.55598516850613
2024-05-31 02:00:00,JENB,79.26379062759732
2024-05-31 03:00:00,JENB,65.6998724463658
2024-05-31 04:00:00,JENB,54.06124953193762
2024-05-31 05:00:00,JENB,44.85099546064869
2024-05-31 06:00:00,JENB,37.92748025447341
2024-05-31 07:00:00,JENB,53.49488891049589
2024-05-31 08:00:00,JENB,70.36467801005998
2024-05-31 09:00:00,JENB,87.21043369053999
2024-05-31 10:00:00,JENB,102.83706626556965
2024-05-31 11:00:00,JENB,116.6890767840234
2024-05-31 12:00:00,JENB,128.9913732504439
2024-05-31 13:00:00,JENB,139.70234955512262
2024-05-31 14:00:00,JENB,149.19887512039676
2024-05-31 15:00:00,JENB,157.76534146547908
2024-05-31 16:00:00,JENB,165.59599167231227
2024-05-31 17:00:00,JENB,172.61523849450455
2024-05-31 18:00:00,JENB,178.96120026633417
2024-05-31 19:00:00,JENB,183.9944452343449
2024-05-31 20:00:00,JENB,188.08912863464272
2024-05-31 21:00:00,JENB,191.6575198930008
2024-05-31 22:00:00,JENB,195.16439012045592
2024-05-31 23:00:00,JENB,198.88789964160367
2024-06-01 00:00:00,JENB,202.771081224238
2024-06-01 01:00:00,JENB,172.00750222822586
2024-06-01 02:00:00,JENB,143.28031186603997
2024-06-01 03:00:00,JENB,116.765071381499
2024-06-01 04:00:00,JENB,91.66671507570484
2024-06-01 05:00:00,JENB,67.31532413010196
2024-06-01 06:00:00,JENB,43.17424784634892
2024-06-01 07:00:00,JENB,55.7882839572104
2024-06-01 08:00:00,JENB,68.80121490339847
2024-06-01 09:00:00,JENB,81.21455786241381
2024-06-01 10:00:00,JENB,93.24988322188057
2024-06-01 11:00:00,JENB,104.86355249417052
2024-06-01 12:00:00,JENB,115.95270613220352
2024-06-01 13:00:00,JENB,125.39383073825458
2024-06-01 14:00:00,JENB,132.61125147712755
2024-06-01 15:00:00,JENB,138.273381585353
2024-06-01 16:00:00,JENB,142.47773587745513
2024-06-01 17:00:00,JENB,145.56162401487015
2024-06-01 18:00:00,JENB,147.87933780998583
2024-06-01 19:00:00,JENB,150.033669864463
2024-06-01 20:00:00,JENB,152.29718744938114
2024-06-01 21:00:00,JENB,154.79092915233065
2024-06-01 22:00:00,JENB,158.01707511155303
2024-06-01 23:00:00,JENB,161.6645583081532
2024-06-02 00:00:00,JENB,165.8296888242026
2024-06-02 01:00:00,JENB,140.5725932020308
2024-06-02 02:00:00,JENB,114.88096092372597
2024-06-02 03:00:00,JENB,88.54191603370329
2024-06-02 04:00:00,JENB,61.20779905371011
2024-06-02 05:00:00,JENB,33.32489588395721
2024-06-02 06:00:00,JENB,4.910458020920969
2024-06-02 07:00:00,JENB,5.707659877676023
2024-06-02 08:00:00,JENB,6.309389964544099
2024-06-02 09:00:00,JENB,7.300525398454489
2024-06-02 10:00:00,JENB,8.687564242054016
2024-06-02 11:00:00,JENB,10.313714925646607
2024-06-02 12:00:00,JENB,12.128318745569237
2024-06-02 13:00:00,JENB,13.956832571884837
2024-06-02 14:00:00,JENB,17.389929395465806
2024-06-02 15:00:00,JENB,21.25545011741256
2024-06-02 16:00:00,JENB,26.22397973762009
2024-06-02 17:00:00,JENB,32.69808400591872
2024-06-02 18:00:00,JENB,39.33499162388728
2024-06-02 19:00:00,JENB,45.88804507349044
2024-06-02 20:00:00,JENB,50.96464368558515
2024-06-02 21:00:00,JENB,55.36677571054279
2024-06-02 22:00:00,JENB,58.48675172122797
2024-06-02 23:00:00,JENB,60.16513120570433
2024-06-03 00:00:00,JENB,61.88036832114215
2024-06-03 01:00:00,JENB,52.49046664596134
2024-06-03 02:00:00,JENB,43.57851803950955
2024-06-03 03:00:00,JENB,34.915237214007576
2024-06-03 04:00:00,JENB,26.46916870158843
2024-06-03 05:00:00,JENB,18.478168491400965
2024-06-03 06:00:00,JENB,10.777933551053277
2024-06-03 07:00:00,JENB,15.498246625091763
2024-06-03 08:00:00,JENB,21.38121602204634
2024-06-03 09:00:00,JENB,28.538922010618112
2024-06-03 10:00:00,JENB,36.17446291664124
2024-06-03 11:00:00,JENB,43.563421874726494
2024-06-03 12:00:00,JENB,50.75517519368242
2024-06-03 13:00:00,JENB,57.12429629687594
2024-06-03 14:00:00,JENB,63.42230012987302
2024-06-03 15:00:00,JENB,69.08895049448378
2024-06-03 16:00:00,JENB,74.54939416676993
2024-06-03 17:00:00,JENB,80.59269026825218
2024-06-03 18:00:00,JENB,86.76956087794176
2024-06-03 19:00:00,JENB,93.0158564327316
2024-06-03 20:00:00,JENB,98.3429677746249
2024-06-03 21:00:00,JENB,103.58002550993098
2024-06-03 22:00:00,JENB,108.92455881434752
2024-06-03 23:00:00,JENB,113.56973081801084
2024-06-04 00:00:00,JENB,117.68787932474864
2024-06-04 01:00:00,JENB,100.09186460843372
2024-06-04 02:00:00,JENB,81.66342434297158
2024-06-04 03:00:00,JENB,62.26364174493676
2024-06-04 04:00:00,JENB,42.04281547280036
2024-06-04 05:00:00,JENB,21.47722239192886
2024-06-04 06:00:00,JENB,0.8086089276200455
2024-06-04 07:00:00,JENB,0.9893579286969976
2024-06-04 08:00:00,JENB,1.1300678009287473
2024-06-04 09:00:00,JENB,1.2300388017740214
2024-06-04 10:00:00,JENB,1.3256207680750791
2024-06-04 11:00:00,JENB,1.397417520399912
2024-06-04 12:00:00,JENB,1.4779137496353134
2024-06-04 13:00:00,JENB,1.5685940009363588
2024-06-04 14:00:00,JENB,1.671488530498446
2024-06-04 15:00:00,JENB,3.986068342820393
2024-06-04 16:00:00,JENB,7.018465669293054
2024-06-04 17:00:00,JENB,10.0804309153305
2024-06-04 18:00:00,JENB,13.12195833794099
2024-06-04 19:00:00,JENB,16.148695805021305
2024-06-04 20:00:00,JENB,19.163294174569398
2024-06-04 21:00:00,JENB,19.96367479992037
2024-06-04 22:00:00,JENB,20.036325458754213
2024-06-04 23:00:00,JENB,20.04946226750758
2024-06-05 00:00:00,JENB,20.05210185828861
2024-06-05 01:00:00,JENB,16.710573249694587
2024-06-05 02:00:00,JENB,13.368966455818065
2024-06-05 03:00:00,JENB,10.027368596348571
2024-06-05 04:00:00,JENB,6.706487030522056
2024-06-05 05:00:00,JENB,3.4321650456457817
2024-06-05 06:00:00,JENB,0.264552475155157
2024-06-05 07:00:00,JENB,0.4844801402880964
2024-06-05 08:00:00,JENB,0.7930467102033464
2024-06-05 09:00:00,JENB,1.3023629056492003
2024-06-05 10:00:00,JENB,1.8674002110931087
2024-06-05 11:00:00,JENB,2.538827165559569
2024-06-05 12:00:00,JENB,3.408246679278219
2024-06-05 13:00:00,JENB,6.037720835638353
2024-06-05 14:00:00,JENB,12.954528564076062
2024-06-05 15:00:00,JENB,20.55297728213118
2024-06-05 16:00:00,JENB,28.556517374283985
2024-06-05 17:00:00,JENB,36.47390886805269
2024-06-05 18:00:00,JENB,44.09190222340099
2024-06-05 19:00:00,JENB,49.9056835764102
2024-06-05 20:00:00,JENB,51.34501864863999
2024-06-05 21:00:00,JENB,51.950364617307
2024-06-05 22:00:00,JENB,52.15676140747626
2024-06-05 23:00:00,JENB,52.32582933739032
2024-06-06 00:00:00,JENB,52.49454564481877
2024-06-06 01:00:00,JENB,43.85313678120333
2024-06-06 02:00:00,JENB,35.231499705087884
2024-06-06 03:00:00,JENB,26.5681097872486
2024-06-06 04:00:00,JENB,17.823800736104722
2024-06-06 05:00:00,JENB,9.049655373917386
2024-06-06 06:00:00,JENB,0.2696942902665838
2024-06-06 07:00:00,JENB,0.3099710530040881
2024-06-06 08:00:00,JENB,0.3566088877031724
2024-06-06 09:00:00,JENB,0.4988023397263517
2024-06-06 10:00:00,JENB,0.6844203466326975
2024-06-06 11:00:00,JENB,0.8931218352637877
2024-06-06 12:00:00,JENB,1.1184145353097328
2024-06-06 13:00:00,JENB,3.0830028645193908
2024-06-06 14:00:00,JENB,8.09127606823555
2024-06-06 15:00:00,JENB,13.518563356993203
2024-06-06 16:00:00,JENB,19.264399727758803
2024-06-06 17:00:00,JENB,24.996423565770577
2024-06-06 18:00:00,JENB,30.71223732119641
2024-06-06 19:00:00,JENB,34.70364954293865
2024-06-06 20:00:00,JENB,35.87017187290985
2024-06-06 21:00:00,JENB,38.00828641642643
2024-06-06 22:00:00,JENB,41.37378038554417
2024-06-06 23:00:00,JENB,45.28699116352633
2024-06-07 00:00:00,JENB,49.21948277609937
2024-06-07 01:00:00,JENB,43.201920312280485
2024-06-07 02:00:00,JENB,36.937902526999096
2024-06-07 03:00:00,JENB,29.18107415594536
2024-06-07 04:00:00,JENB,19.840616467581583
2024-06-07 05:00:00,JENB,10.00182125073082
2024-06-07 06:00:00,JENB,0.2842497613950801
2024-06-07 07:00:00,JENB,0.5619214049682238
2024-06-07 08:00:00,JENB,0.9121331697130196
2024-06-07 09:00:00,JENB,1.4515254309514758
2024-06-07 10:00:00,JENB,2.205348227393671
2024-06-07 11:00:00,JENB,4.252212868369566
2024-06-07 12:00:00,JENB,6.280148868886139
2024-06-07 13:00:00,JENB,9.34191858860214
2024-06-07 14:00:00,JENB,12.770851188998735
2024-06-07 15:00:00,JENB,16.294672626199546
2024-06-07 16:00:00,JENB,21.218926204807023
2024-06-07 17:00:00,JENB,24.85973576836735
2024-06-07 18:00:00,JENB,28.379526821989742
2024-06-07 19:00:00,JENB,30.795222575950625
2024-06-07 20:00:00,JENB,32.77121661124424
2024-06-07 21:00:00,JENB,34.49381449378509
2024-06-07 22:00:00,JENB,34.59530034196797
2024-06-07 23:00:00,JENB,34.63013682013539
2024-06-08 00:00:00,JENB,34.66648578740963
2024-06-08 01:00:00,JENB,28.911844815915163
2024-06-08 02:00:00,JENB,23.1572038444207
2024-06-08 03:00:00,JENB,17.37189002514935
2024-06-08 04:00:00,JENB,11.585441352506946
2024-06-08 05:00:00,JENB,5.796907908890781
2024-06-08 06:00:00,JENB,0.0059234356302327
2024-06-08 07:00:00,JENB,0.0503584237077487
2024-06-08 08:00:00,JENB,0.096919037177395
2024-06-08 09:00:00,JENB,0.1516219021577345
2024-06-08 10:00:00,JENB,0.2207813787440024
2024-06-08 11:00:00,JENB,0.3171619893392334
2024-06-08 12:00:00,JENB,0.4376872051305042
2024-06-08 13:00:00,JENB,0.5764460838214492
2024-06-08 14:00:00,JENB,2.7334342964959024
2024-06-08 15:00:00,JENB,5.5689584489726975
2024-06-08 16:00:00,JENB,8.596918327265275
2024-06-08 17:00:00,JENB,11.845617554303711
2024-06-08 18:00:00,JENB,16.383163607770083
2024-06-08 19:00:00,JENB,23.326873701869022
2024-06-08 20:00:00,JENB,28.87524669726517
2024-06-08 21:00:00,JENB,33.86272332642244
2024-06-08 22:00:00,JENB,39.8436005227983
2024-06-08 23:00:00,JENB,46.42860982899826
2024-06-09 00:00:00,JENB,53.30995734717406
2024-06-09 01:00:00,JENB,47.01813094008652
2024-06-09 02:00:00,JENB,40.62227930742623
2024-06-09 03:00:00,JENB,34.81276893284808
2024-06-09 04:00:00,JENB,28.77012526815976
2024-06-09 05:00:00,JENB,22.93568545893298
2024-06-09 06:00:00,JENB,16.003504225938485
2024-06-09 07:00:00,JENB,20.45262143134845
2024-06-09 08:00:00,JENB,24.723975993179447
2024-06-09 09:00:00,JENB,28.72131597610045
2024-06-09 10:00:00,JENB,32.85523712446524
2024-06-09 11:00:00,JENB,36.71627887981823
2024-06-09 12:00:00,JENB,41.75513106997596
2024-06-09 13:00:00,JENB,46.722480734824615
2024-06-09 14:00:00,JENB,51.56616819428709
2024-06-09 15:00:00,JENB,58.00218521864295
2024-06-09 16:00:00,JENB,64.2000533184569
2024-06-09 17:00:00,JENB,70.1742259968376
2024-06-09 18:00:00,JENB,74.69138271519681
2024-06-09 19:00:00,JENB,79.0222601225128
2024-06-09 20:00:00,JENB,83.5297032850548
2024-06-09 21:00:00,JENB,86.44356382364394
2024-06-09 22:00:00,JENB,88.73468964179688
2024-06-09 23:00:00,JENB,90.65608499570256
2024-06-10 00:00:00,JENB,92.95471889807234
2024-06-10 01:00:00,JENB,79.36764644811335
2024-06-10 02:00:00,JENB,67.5879265769384
2024-06-10 03:00:00,JENB,57.70475650439981
2024-06-10 04:00:00,JENB,48.94893183988661
2024-06-10 05:00:00,JENB,41.65913419326931
2024-06-10 06:00:00,JENB,35.11747498196924
2024-06-10 07:00:00,JENB,45.886359135934896
2024-06-10 08:00:00,JENB,56.90438188506887
2024-06-10 09:00:00,JENB,67.43680328433693
2024-06-10 10:00:00,JENB,78.34434670053334
2024-06-10 11:00:00,JENB,88.17195072364262
2024-06-10 12:00:00,JENB,96.97733256856743
2024-06-10 13:00:00,JENB,104.18461371213986
2024-06-10 14:00:00,JENB,109.06260191937896
2024-06-10 15:00:00,JENB,112.5485754176398
2024-06-10 16:00:00,JENB,114.6081694916449
2024-06-10 17:00:00,JENB,116.2841716639278
2024-06-10 18:00:00,JENB,117.8005837956474
2024-06-10 19:00:00,JENB,119.12623907305864
2024-06-10 20:00:00,JENB,120.41584257403656
2024-06-10 21:00:00,JENB,121.42085958842203
2024-06-10 22:00:00,JENB,122.30635963958169
2024-06-10 23:00:00,JENB,123.11610892379652
2024-06-11 00:00:00,JENB,123.82543711911111
2024-06-11 01:00:00,JENB,103.58042607579794
2024-06-11 02:00:00,JENB,83.29015438452704
2024-06-11 03:00:00,JENB,62.87288786195597
2024-06-11 04:00:00,JENB,42.39104979888302
2024-06-11 05:00:00,JENB,22.04770798959128
2024-06-11 06:00:00,JENB,1.9837692345628917
2024-06-11 07:00:00,JENB,3.271292806582132
2024-06-11 08:00:00,JENB,4.810325426276343
2024-06-11 09:00:00,JENB,6.7297022588960935
2024-06-11 10:00:00,JENB,9.039355743051525
2024-06-11 11:00:00,JENB,11.616640022439618
2024-06-11 12:00:00,JENB,14.368492935085614
2024-06-11 13:00:00,JENB,17.16421132620297
2024-06-11 14:00:00,JENB,20.090538637209622
2024-06-11 15:00:00,JENB,23.053777003571646
2024-06-11 16:00:00,JENB,26.028989043671707
2024-06-11 17:00:00,JENB,29.10240132198942
2024-06-11 18:00:00,JENB,32.29036988824279
2024-06-11 19:00:00,JENB,35.57858796488429
2024-06-11 20:00:00,JENB,39.03265195618616
2024-06-11 21:00:00,JENB,42.7115481563168
2024-06-11 22:00:00,JENB,46.67669885104391
2024-06-11 23:00:00,JENB,50.860947155615264
2024-06-12 00:00:00,JENB,55.12489826737325
2024-06-12 01:00:00,JENB,48.39899437261371
2024-06-12 02:00:00,JENB,41.84684319997663
2024-06-12 03:00:00,JENB,35.336708811679415
2024-06-12 04:00:00,JENB,28.75027808617394
2024-06-12 05:00:00,JENB,22.147184980097112
2024-06-12 06:00:00,JENB,15.59180471039499
2024-06-12 07:00:00,JENB,19.630695444215878
2024-06-12 08:00:00,JENB,23.0263097326348
2024-06-12 09:00:00,JENB,25.78543231183689
2024-06-12 10:00:00,JENB,27.841860498422005
2024-06-12 11:00:00,JENB,29.08033631447467
2024-06-12 12:00:00,JENB,29.57442806699189
2024-06-12 13:00:00,JENB,29.884913487349383
2024-06-12 14:00:00,JENB,30.10727064272672
2024-06-12 15:00:00,JENB,30.276887833631463
2024-06-12 16:00:00,JENB,30.42592633037945
2024-06-12 17:00:00,JENB,30.56732773166255
2024-06-12 18:00:00,JENB,30.684143955235783
2024-06-12 19:00:00,JENB,30.88000820976441
2024-06-12 20:00:00,JENB,31.123293080836703
2024-06-12 21:00:00,JENB,31.63869847531457
2024-06-12 22:00:00,JENB,32.50018896323146
2024-06-12 23:00:00,JENB,33.96263188014723
2024-06-13 00:00:00,JENB,36.12512967417787
2024-06-13 01:00:00,JENB,31.520073289652714
2024-06-13 02:00:00,JENB,27.352150194668663
2024-06-13 03:00:00,JENB,23.19717118489881
2024-06-13 04:00:00,JENB,18.88867009890133
2024-06-13 05:00:00,JENB,14.225260324921951
2024-06-13 06:00:00,JENB,9.092779330702404
2024-06-13 07:00:00,JENB,10.648530360532668
2024-06-13 08:00:00,JENB,11.765746935069648
2024-06-13 09:00:00,JENB,12.80699388536393
2024-06-13 10:00:00,JENB,14.04999013680196
2024-06-13 11:00:00,JENB,15.4118389519726
2024-06-13 12:00:00,JENB,16.81428348961113
2024-06-13 13:00:00,JENB,18.420247227165103
2024-06-13 14:00:00,JENB,20.161372712538096
2024-06-13 15:00:00,JENB,21.840504703477283
2024-06-13 16:00:00,JENB,23.25150679029821
2024-06-13 17:00:00,JENB,24.42551981361249
2024-06-13 18:00:00,JENB,25.37618139802811
2024-06-13 19:00:00,JENB,26.110447014478453
2024-06-13 20:00:00,JENB,26.631200183764385
2024-06-13 21:00:00,JENB,26.965771075492263
2024-06-13 22:00:00,JENB,27.151226204542773
2024-06-13 23:00:00,JENB,27.20685978361339
2024-06-14 00:00:00,JENB,27.212613108583906
2024-06-14 01:00:00,JENB,22.67774833600439
2024-06-14 02:00:00,JENB,18.14288356342489
2024-06-14 03:00:00,JENB,13.608018790845382
2024-06-14 04:00:00,JENB,9.07229533885208
2024-06-14 05:00:00,JENB,4.536571886858777
2024-06-14 06:00:00,JENB,0.0
2024-06-14 07:00:00,JENB,6.499450296264477e-05
2024-06-14 08:00:00,JENB,0.0004389886465598
2024-06-14 09:00:00,JENB,0.0048482921355613
2024-06-14 10:00:00,JENB,0.0437650135879984
2024-06-14 11:00:00,JENB,0.1854678525439821
2024-06-14 12:00:00,JENB,0.4667979882777039
2024-06-14 13:00:00,JENB,0.8848078380766513
2024-06-14 14:00:00,JENB,1.3596385218292182
2024-06-14 15:00:00,JENB,1.8487127966429375
2024-06-14 16:00:00,JENB,2.3035396315050725
2024-06-14 17:00:00,JENB,2.6570995213277397
2024-06-14 18:00:00,JENB,2.8710321143726687
2024-06-14 19:00:00,JENB,2.9482199988494098
2024-06-14 20:00:00,JENB,2.968278049731897
2024-06-14 21:00:00,JENB,2.9700572002078265
2024-06-14 22:00:00,JENB,2.9715763726719056
2024-06-14 23:00:00,JENB,2.9715763726719056
2024-06-15 00:00:00,JENB,2.9715763726719056
2024-06-15 01:00:00,JENB,2.4763136438932545
2024-06-15 02:00:00,JENB,1.981050915114604
2024-06-15 03:00:00,JENB,1.4858531808389153
2024-06-15 04:00:00,JENB,0.9907195858753612
2024-06-15 05:00:00,JENB,0.4956518406055983
2024-06-15 06:00:00,JENB,0.0006157373964882
2024-06-15 07:00:00,JENB,0.127865105277584
2024-06-15 08:00:00,JENB,0.4487828971732411
2024-06-15 09:00:00,JENB,0.999034246414258
2024-06-15 10:00:00,JENB,1.7810984042062636
2024-06-15 11:00:00,JENB,2.820336236274554
2024-06-15 12:00:00,JENB,4.206273797272775
2024-06-15 13:00:00,JENB,6.150022207045517
2024-06-15 14:00:00,JENB,8.583839944517498
2024-06-15 15:00:00,JENB,11.664341087998018
2024-06-15 16:00:00,JENB,15.760117664325648
2024-06-15 17:00:00,JENB,20.62462981015575
2024-06-15 18:00:00,JENB,26.129191092035967
2024-06-15 19:00:00,JENB,31.75813342867549
2024-06-15 20:00:00,JENB,37.82406284403452
2024-06-15 21:00:00,JENB,44.20768229591329
2024-06-15 22:00:00,JENB,50.16232869608883
2024-06-15 23:00:00,JENB,55.66330966471588
2024-06-16 00:00:00,JENB,60.78377049247793
2024-06-16 01:00:00,JENB,53.626275864187136
2024-06-16 02:00:00,JENB,45.947526550547366
2024-06-16 03:00:00,JENB,37.76645490357754
2024-06-16 04:00:00,JENB,29.494063762907928
2024-06-16 05:00:00,JENB,21.44699874510227
2024-06-16 06:00:00,JENB,13.237870819259475
2024-06-16 07:00:00,JENB,16.586413561759624
2024-06-16 08:00:00,JENB,19.36579479801233
2024-06-16 09:00:00,JENB,21.48091856425741
2024-06-16 10:00:00,JENB,22.895542839448645
2024-06-16 11:00:00,JENB,23.53413043721953
2024-06-16 12:00:00,JENB,23.74121859267953
2024-06-16 13:00:00,JENB,23.92033975747683
2024-06-16 14:00:00,JENB,24.07507397942677
2024-06-16 15:00:00,JENB,24.221320597159288
2024-06-16 16:00:00,JENB,25.141913347432016
2024-06-16 17:00:00,JENB,26.69422670460701
2024-06-16 18:00:00,JENB,28.30148183513905
2024-06-16 19:00:00,JENB,29.847780753562557
2024-06-16 20:00:00,JENB,31.38815797599653
2024-06-16 21:00:00,JENB,32.909830611609
2024-06-16 22:00:00,JENB,33.63079677042789
2024-06-16 23:00:00,JENB,33.698443214976855
2024-06-17 00:00:00,JENB,33.69848369866543
2024-06-17 01:00:00,JENB,28.08263117977529
2024-06-17 02:00:00,JENB,22.46723482318955
2024-06-17 03:00:00,JENB,16.852297760218963
2024-06-17 04:00:00,JENB,11.239078727415484
2024-06-17 05:00:00,JENB,5.626438773919822
2024-06-17 06:00:00,JENB,0.013867237285404
2024-06-17 07:00:00,JENB,0.0172472320228149
2024-06-17 08:00:00,JENB,0.0210779235564576
2024-06-17 09:00:00,JENB,0.0284057270370332
2024-06-17 10:00:00,JENB,0.0518493873706195
2024-06-17 11:00:00,JENB,0.1002447498499755
2024-06-17 12:00:00,JENB,0.1767435801424406
2024-06-17 13:00:00,JENB,1.6366755606814984
2024-06-17 14:00:00,JENB,4.77099281804658
2024-06-17 15:00:00,JENB,8.599551597759195
2024-06-17 16:00:00,JENB,12.702414511278825
2024-06-17 17:00:00,JENB,16.81428063460767
2024-06-17 18:00:00,JENB,21.244430224160524
2024-06-17 19:00:00,JENB,24.291081479309423
2024-06-17 20:00:00,JENB,25.66330018861589
2024-06-17 21:00:00,JENB,26.337711858191227
2024-06-17 22:00:00,JENB,26.720354881158976
2024-06-17 23:00:00,JENB,27.068832230222107
2024-06-18 00:00:00,JENB,27.070820400062544
2024-06-18 01:00:00,JENB,22.5603013768038
2024-06-18 02:00:00,JENB,18.048922763460837
2024-06-18 03:00:00,JENB,13.537153261939377
2024-06-18 04:00:00,JENB,9.02501438619838
2024-06-18 05:00:00,JENB,4.5125071930991885
2024-06-18 06:00:00,JENB,0.0
2024-06-18 07:00:00,JENB,0.0
2024-06-18 08:00:00,JENB,0.0
2024-06-18 09:00:00,JENB,0.0
2024-06-18 10:00:00,JENB,0.0
2024-06-18 11:00:00,JENB,0.0
2024-06-18 12:00:00,JENB,0.0140662363749729
2024-06-18 13:00:00,JENB,0.0333894173860108
2024-06-18 14:00:00,JENB,0.0634243812247544
2024-06-18 15:00:00,JENB,0.195295269837388
2024-06-18 16:00:00,JENB,0.3280963675100204
2024-06-18 17:00:00,JENB,0.6073917693417202
2024-06-18 18:00:00,JENB,0.8730456378262097
2024-06-18 19:00:00,JENB,1.133453524764651
2024-06-18 20:00:00,JENB,1.383149628875387
2024-06-18 21:00:00,JENB,1.531009808212233
2024-06-18 22:00:00,JENB,1.6779397784890802
2024-06-18 23:00:00,JENB,1.6783754446068595
2024-06-19 00:00:00,JENB,1.6783864076968769
2024-06-19 01:00:00,JENB,1.3986553397473975
2024-06-19 02:00:00,JENB,1.118924271797918
2024-06-19 03:00:00,JENB,0.8391932038484384
2024-06-19 04:00:00,JENB,0.5594621358989591
2024-06-19 05:00:00,JENB,0.2797310679494795
2024-06-19 06:00:00,JENB,0.0
2024-06-19 07:00:00,JENB,0.0
2024-06-19 08:00:00,JENB,0.0
2024-06-19 09:00:00,JENB,0.0
2024-06-19 10:00:00,JENB,0.0
2024-06-19 11:00:00,JENB,0.0363560640279891
2024-06-19 12:00:00,JENB,0.0930120951318189
2024-06-19 13:00:00,JENB,0.1523205556299154
2024-06-19 14:00:00,JENB,0.2376522726037263
2024-06-19 15:00:00,JENB,0.3274338211964974
2024-06-19 16:00:00,JENB,0.4172153697892684
2024-06-19 17:00:00,JENB,0.4706408543540504
2024-06-19 18:00:00,JENB,0.5835107275274097
2024-06-19 19:00:00,JENB,0.6937281713065024
2024-06-19 20:00:00,JENB,0.9768059004867766
2024-06-19 21:00:00,JENB,1.2656442831504229
2024-06-19 22:00:00,JENB,1.554482665814069
2024-06-19 23:00:00,JENB,1.8433210484777152
2024-06-20 00:00:00,JENB,2.0524150754569432
2024-06-20 01:00:00,JENB,1.882889171179754
2024-06-20 02:00:00,JENB,1.514479725025669
2024-06-20 03:00:00,JENB,1.1363473385734089
2024-06-20 04:00:00,JENB,0.7585847321291653
2024-06-20 05:00:00,JENB,0.3808221256849217
2024-06-20 06:00:00,JENB,0.003059519240678
2024-06-20 07:00:00,JENB,0.0826059520115542
2024-06-20 08:00:00,JENB,0.1633282263422654
2024-06-20 09:00:00,JENB,0.256318285248033
2024-06-20 10:00:00,JENB,0.375976530895638
2024-06-20 11:00:00,JENB,0.5054242157268694
2024-06-20 12:00:00,JENB,0.6635960583017995
2024-06-20 13:00:00,JENB,1.7625072269597009
2024-06-20 14:00:00,JENB,3.123661073284349
2024-06-20 15:00:00,JENB,4.487784082533699
2024-06-20 16:00:00,JENB,5.843917302228926
2024-06-20 17:00:00,JENB,7.205074328160505
2024-06-20 18:00:00,JENB,8.537507196348384
2024-06-20 19:00:00,JENB,8.850576245688746
2024-06-20 20:00:00,JENB,8.900226775802523
2024-06-20 21:00:00,JENB,8.934152813612386
2024-06-20 22:00:00,JENB,8.949896637301283
2024-06-20 23:00:00,JENB,8.950827215570198
2024-06-21 00:00:00,JENB,8.951757793839114
2024-06-21 01:00:00,JENB,7.460231143069977
2024-06-21 02:00:00,JENB,5.970299352343177
2024-06-21 03:00:00,JENB,4.480904265826748
2024-06-21 04:00:00,JENB,2.9907074794136044
2024-06-21 05:00:00,JENB,1.5005106930004617
2024-06-21 06:00:00,JENB,0.0104034119046735
2024-06-21 07:00:00,JENB,0.0126887446527857
2024-06-21 08:00:00,JENB,0.0142388247825466
2024-06-21 09:00:00,JENB,0.0152522007019362
2024-06-21 10:00:00,JENB,0.0527463685599464
2024-06-21 11:00:00,JENB,1.9441147861268324
2024-06-21 12:00:00,JENB,3.904364884675181
2024-06-21 13:00:00,JENB,5.988337827033533
2024-06-21 14:00:00,JENB,8.155837095925262
2024-06-21 15:00:00,JENB,11.23841959266836
2024-06-21 16:00:00,JENB,14.314493363447625
2024-06-21 17:00:00,JENB,15.553058618445188
2024-06-21 18:00:00,JENB,17.152265436427154
2024-06-21 19:00:00,JENB,21.48114952256126
2024-06-21 20:00:00,JENB,30.22458461095448
2024-06-21 21:00:00,JENB,41.9503885087384
2024-06-21 22:00:00,JENB,55.4236115017796
2024-06-21 23:00:00,JENB,70.91517665793141
2024-06-22 00:00:00,JENB,87.39483251436462
2024-06-22 01:00:00,JENB,81.93094865332503
2024-06-22 02:00:00,JENB,72.5591966098328
2024-06-22 03:00:00,JENB,59.71626454814796
2024-06-22 04:00:00,JENB,45.23592614941108
2024-06-22 05:00:00,JENB,28.721711030560897
2024-06-22 06:00:00,JENB,10.789789164451216
2024-06-22 07:00:00,JENB,11.96341489259618
2024-06-22 08:00:00,JENB,12.58404453337613
2024-06-22 09:00:00,JENB,12.822266977885796
2024-06-22 10:00:00,JENB,13.014796964971774
2024-06-22 11:00:00,JENB,13.299306123283044
2024-06-22 12:00:00,JENB,13.66210086080045
2024-06-22 13:00:00,JENB,14.144995890822262
2024-06-22 14:00:00,JENB,14.987236907120618
2024-06-22 15:00:00,JENB,15.955194148156462
2024-06-22 16:00:00,JENB,17.19773140277498
2024-06-22 17:00:00,JENB,19.693672607209308
2024-06-22 18:00:00,JENB,23.872324842085376
2024-06-22 19:00:00,JENB,32.303182869538446
2024-06-22 20:00:00,JENB,43.45869629998161
2024-06-22 21:00:00,JENB,56.50846520642713
2024-06-22 22:00:00,JENB,70.14636410199675
2024-06-22 23:00:00,JENB,83.04977313150582
2024-06-23 00:00:00,JENB,94.7520559465476
2024-06-23 01:00:00,JENB,84.16388297504005
2024-06-23 02:00:00,JENB,70.71338020010269
2024-06-23 03:00:00,JENB,55.43902424574861
2024-06-23 04:00:00,JENB,39.35373017980756
2024-06-23 05:00:00,JENB,22.78039837385376
2024-06-23 06:00:00,JENB,5.89182889989979
2024-06-23 07:00:00,JENB,7.51560625289973
2024-06-23 08:00:00,JENB,9.261472328343332
2024-06-23 09:00:00,JENB,10.944850275804516
2024-06-23 10:00:00,JENB,12.565358125798298
2024-06-23 11:00:00,JENB,14.186859379078353
2024-06-23 12:00:00,JENB,15.723091528194365
2024-06-23 13:00:00,JENB,16.769778719686574
2024-06-23 14:00:00,JENB,17.4950556194667
2024-06-23 15:00:00,JENB,18.08099355147425
2024-06-23 16:00:00,JENB,18.610801762252542
2024-06-23 17:00:00,JENB,19.058094750226275
2024-06-23 18:00:00,JENB,19.3711057516768
2024-06-23 19:00:00,JENB,19.59227338362764
2024-06-23 20:00:00,JENB,19.82541684859881
2024-06-23 21:00:00,JENB,20.08090214911187
2024-06-23 22:00:00,JENB,20.388416628842037
2024-06-23 23:00:00,JENB,20.70167141931988
2024-06-24 00:00:00,JENB,21.035982720197456
2024-06-24 01:00:00,JENB,17.705522925523063
2024-06-24 02:00:00,JENB,14.312605503176052
2024-06-24 03:00:00,JENB,10.860276773137148
2024-06-24 04:00:00,JENB,7.333825397755057
2024-06-24 05:00:00,JENB,3.77143306869528
2024-06-24 06:00:00,JENB,0.2073541347964472
2024-06-24 07:00:00,JENB,0.2964902956384959
2024-06-24 08:00:00,JENB,0.3861481479797162
2024-06-24 09:00:00,JENB,0.4908117206019802
2024-06-24 10:00:00,JENB,0.6180991376315008
2024-06-24 11:00:00,JENB,0.7770081207323879
2024-06-24 12:00:00,JENB,0.9285432114410208
2024-06-24 13:00:00,JENB,1.1046570389794568
2024-06-24 14:00:00,JENB,1.338196183544335
2024-06-24 15:00:00,JENB,1.575842972578085
2024-06-24 16:00:00,JENB,1.7928705638501592
2024-06-24 17:00:00,JENB,1.9663735889578795
2024-06-24 18:00:00,JENB,2.1028475185757065
2024-06-24 19:00:00,JENB,2.198081925068357
2024-06-24 20:00:00,JENB,2.2254284347204654
2024-06-24 21:00:00,JENB,2.232574803425325
2024-06-24 22:00:00,JENB,2.232681289253183
2024-06-24 23:00:00,JENB,2.2327265457300225
2024-06-25 00:00:00,JENB,2.2327265457300225
2024-06-25 01:00:00,JENB,1.8606054547750184
2024-06-25 02:00:00,JENB,1.488484363820015
2024-06-25 03:00:00,JENB,1.1163632728650112
2024-06-25 04:00:00,JENB,0.7442421819100076
2024-06-25 05:00:00,JENB,0.3721210909550037
2024-06-25 06:00:00,JENB,0.0
2024-06-25 07:00:00,JENB,0.0
2024-06-25 08:00:00,JENB,0.0
2024-06-25 09:00:00,JENB,0.0047143903559449
2024-06-25 10:00:00,JENB,0.0172726592435981
2024-06-25 11:00:00,JENB,0.0522998643420725
2024-06-25 12:00:00,JENB,0.1226146886729865
2024-06-25 13:00:00,JENB,0.7377109412142329
2024-06-25 14:00:00,JENB,2.3268370945407377
2024-06-25 15:00:00,JENB,3.927791170404373
2024-06-25 16:00:00,JENB,5.674409033871351
2024-06-25 17:00:00,JENB,7.54746260527197
2024-06-25 18:00:00,JENB,9.385358546446076
2024-06-25 19:00:00,JENB,11.374617739231097
2024-06-25 20:00:00,JENB,13.082604548735016
2024-06-25 21:00:00,JENB,14.774049045345858
2024-06-25 22:00:00,JENB,16.312844102936516
2024-06-25 23:00:00,JENB,17.70273451638271
2024-06-26 00:00:00,JENB,19.0933678514068
2024-06-26 01:00:00,JENB,16.489012406080533
2024-06-26 02:00:00,JENB,13.19189944325011
2024-06-26 03:00:00,JENB,9.894786480419686
2024-06-26 04:00:00,JENB,6.596845239613484
2024-06-26 05:00:00,JENB,3.3004291957172773
2024-06-26 06:00:00,JENB,0.0034089282981843
2024-06-26 07:00:00,JENB,0.0970359695268652
2024-06-26 08:00:00,JENB,0.2054148333521645
2024-06-26 09:00:00,JENB,0.3605908144147353
2024-06-26 10:00:00,JENB,0.6354778140034913
2024-06-26 11:00:00,JENB,1.098650777480427
2024-06-26 12:00:00,JENB,7.101549701823319
2024-06-26 13:00:00,JENB,15.86031752110275
2024-06-26 14:00:00,JENB,25.23849116315063
2024-06-26 15:00:00,JENB,34.625571084488264
2024-06-26 16:00:00,JENB,43.901745283248346
2024-06-26 17:00:00,JENB,53.00463014564711
2024-06-26 18:00:00,JENB,56.56794685240871
2024-06-26 19:00:00,JENB,57.55682569546544
2024-06-26 20:00:00,JENB,58.14571585537279
2024-06-26 21:00:00,JENB,58.70757972378294
2024-06-26 22:00:00,JENB,59.26176047496422
2024-06-26 23:00:00,JENB,59.7998546822145
2024-06-27 00:00:00,JENB,60.34111507748853
2024-06-27 01:00:00,JENB,50.50150927080303
2024-06-27 02:00:00,JENB,40.4282689044475
2024-06-27 03:00:00,JENB,30.3280959136559
2024-06-27 04:00:00,JENB,20.22741849097981
2024-06-27 05:00:00,JENB,10.127675465793894
2024-06-27 06:00:00,JENB,0.0243397602944925
2024-06-27 07:00:00,JENB,0.5434110413868244
2024-06-27 08:00:00,JENB,1.3450322059719242
2024-06-27 09:00:00,JENB,2.2845070829437137
2024-06-27 10:00:00,JENB,3.3237926203410666
2024-06-27 11:00:00,JENB,4.4436007383677785
2024-06-27 12:00:00,JENB,5.654099603156316
2024-06-27 13:00:00,JENB,6.4129623348525095
2024-06-27 14:00:00,JENB,7.321148464163548
2024-06-27 15:00:00,JENB,9.017905398976646
2024-06-27 16:00:00,JENB,10.691592046722056
2024-06-27 17:00:00,JENB,12.284828721133172
2024-06-27 18:00:00,JENB,13.78737464878246
2024-06-27 19:00:00,JENB,15.22678168554155
2024-06-27 20:00:00,JENB,16.233902015650532
2024-06-27 21:00:00,JENB,16.314998753016315
2024-06-27 22:00:00,JENB,16.325459834957396
2024-06-27 23:00:00,JENB,16.34407488087584
2024-06-28 00:00:00,JENB,16.378414680718006
2024-06-28 01:00:00,JENB,13.673722848378487
2024-06-28 02:00:00,JENB,10.973092225807074
2024-06-28 03:00:00,JENB,8.270946611729393
2024-06-28 04:00:00,JENB,5.563276838389159
2024-06-28 05:00:00,JENB,2.846010815780488
2024-06-28 06:00:00,JENB,0.113020039248098
2024-06-28 07:00:00,JENB,0.1190580799981023
2024-06-28 08:00:00,JENB,0.1381866677137346
2024-06-28 09:00:00,JENB,0.2435560888802771
2024-06-28 10:00:00,JENB,0.3769745607713136
2024-06-28 11:00:00,JENB,1.0959112962711202
2024-06-28 12:00:00,JENB,2.107244468246772
2024-06-28 13:00:00,JENB,3.181297650372305
2024-06-28 14:00:00,JENB,4.286383699197257
2024-06-28 15:00:00,JENB,5.316589613530244
2024-06-28 16:00:00,JENB,6.405430373075384
2024-06-28 17:00:00,JENB,6.996167498781552
2024-06-28 18:00:00,JENB,7.294508188011875
2024-06-28 19:00:00,JENB,7.5309929225424765
2024-06-28 20:00:00,JENB,7.719171976069618
2024-06-28 21:00:00,JENB,7.895356620927588
2024-06-28 22:00:00,JENB,7.984487860528738
2024-06-28 23:00:00,JENB,7.98706111971901
2024-06-29 00:00:00,JENB,7.989639020605546
2024-06-29 01:00:00,JENB,6.658745949111964
2024-06-29 02:00:00,JENB,5.327852958185531
2024-06-29 03:00:00,JENB,3.9969632627362817
2024-06-29 04:00:00,JENB,2.6652148219622225
2024-06-29 05:00:00,JENB,1.332609731829243
2024-06-29 06:00:00,JENB,0.0
2024-06-29 07:00:00,JENB,0.0008583068620282
2024-06-29 08:00:00,JENB,0.0017166137240565
2024-06-29 09:00:00,JENB,0.0025749205860847
2024-06-29 10:00:00,JENB,0.0101318040797033
2024-06-29 11:00:00,JENB,0.0803157885953445
2024-06-29 12:00:00,JENB,0.2132939694324025
2024-06-29 13:00:00,JENB,1.2414309465252062
2024-06-29 14:00:00,JENB,2.270031136969191
2024-06-29 15:00:00,JENB,3.298631327413176
2024-06-29 16:00:00,JENB,4.320532941225571
2024-06-29 17:00:00,JENB,5.279806122943095
2024-06-29 18:00:00,JENB,6.176285108339202
2024-06-29 19:00:00,JENB,6.178392847479074
2024-06-29 20:00:00,JENB,6.180037373267767
2024-06-29 21:00:00,JENB,6.181681899056458
2024-06-29 22:00:00,JENB,6.18332642484515
2024-06-29 23:00:00,JENB,6.18497228170669
2024-06-30 00:00:00,JENB,6.187392684038889
2024-06-30 01:00:00,JENB,5.158510390670346
2024-06-30 02:00:00,JENB,4.131113911449697
2024-06-30 03:00:00,JENB,3.104164786218002
2024-06-30 04:00:00,JENB,2.0772405045689117
2024-06-30 05:00:00,JENB,1.0503487201713022
2024-06-30 06:00:00,JENB,0.0238030661658236
2024-06-30 07:00:00,JENB,0.67551662934437
2024-06-30 08:00:00,JENB,2.3839503208280264
2024-06-30 09:00:00,JENB,5.806885024276909
2024-06-30 10:00:00,JENB,12.541947455725648
2024-06-30 11:00:00,JENB,22.4563204603988
2024-06-30 12:00:00,JENB,37.59191840581021
2024-06-30 13:00:00,JENB,56.79799937467959
2024-06-30 14:00:00,JENB,77.93627969307421
2024-06-30 15:00:00,JENB,99.91611311750792
2024-06-30 16:00:00,JENB,120.0058588568677
2024-06-30 17:00:00,JENB,138.868775782672
2024-06-30 18:00:00,JENB,153.31570341379532
2024-06-30 19:00:00,JENB,163.32873889668716
2024-06-30 20:00:00,JENB,170.47109006972596
2024-06-30 21:00:00,JENB,175.09927785611052
2024-06-30 22:00:00,JENB,178.3571773927175
2024-06-30 23:00:00,JENB,179.6800691685662
2024-07-01 00:00:00,JENB,180.2075520844412
2024-07-01 01:00:00,JENB,150.3407520132031
2024-07-01 02:00:00,JENB,120.37919220494216
2024-07-01 03:00:00,JENB,90.5830560869518
2024-07-01 04:00:00,JENB,61.05209077903182
2024-07-01 05:00:00,JENB,31.94623387355763
2024-07-01 06:00:00,JENB,3.632515005090647
2024-07-01 07:00:00,JENB,6.166466604751648
2024-07-01 08:00:00,JENB,9.050943142276996
2024-07-01 09:00:00,JENB,14.061541758744015
2024-07-01 10:00:00,JENB,20.3474380796244
2024-07-01 11:00:00,JENB,27.555667510734605
2024-07-01 12:00:00,JENB,35.32269235442664
2024-07-01 13:00:00,JENB,43.67387437096373
2024-07-01 14:00:00,JENB,52.57276780670611
2024-07-01 15:00:00,JENB,59.62150682005627
2024-07-01 16:00:00,JENB,65.6076676806063
2024-07-01 17:00:00,JENB,70.32351406968662
2024-07-01 18:00:00,JENB,74.62593021093525
2024-07-01 19:00:00,JENB,78.1245715911919
2024-07-01 20:00:00,JENB,81.34350595118718
2024-07-01 21:00:00,JENB,84.50824326086831
2024-07-01 22:00:00,JENB,87.59258231201026
2024-07-01 23:00:00,JENB,90.7857103566479
2024-07-02 00:00:00,JENB,93.21265003552791
2024-07-02 01:00:00,JENB,79.02758604267852
2024-07-02 02:00:00,JENB,64.61363795148756
2024-07-02 03:00:00,JENB,49.940558802518176
2024-07-02 04:00:00,JENB,35.11589166871587
2024-07-02 05:00:00,JENB,20.43133905132606
2024-07-02 06:00:00,JENB,5.853514884414468
2024-07-02 07:00:00,JENB,7.64405212117709
2024-07-02 08:00:00,JENB,9.48159345881827
2024-07-02 09:00:00,JENB,11.50107130123324
2024-07-02 10:00:00,JENB,13.47083277731857
2024-07-02 11:00:00,JENB,15.33064849484979
2024-07-02 12:00:00,JENB,17.118314239055046
2024-07-02 13:00:00,JENB,18.80637867895544
2024-07-02 14:00:00,JENB,20.250584504172185
2024-07-02 15:00:00,JENB,21.59965612749636
2024-07-02 16:00:00,JENB,22.96696100822186
2024-07-02 17:00:00,JENB,24.43636668777957
2024-07-02 18:00:00,JENB,25.96126038963707
2024-07-02 19:00:00,JENB,27.397465823649288
2024-07-02 20:00:00,JENB,28.750295815312025
2024-07-02 21:00:00,JENB,30.04747188909377
2024-07-02 22:00:00,JENB,31.38852350324564
2024-07-02 23:00:00,JENB,32.737003763718455
2024-07-03 00:00:00,JENB,34.364747916172576
2024-07-03 01:00:00,JENB,29.83507559939778
2024-07-03 02:00:00,JENB,25.79313613290665
2024-07-03 03:00:00,JENB,21.91208822726517
2024-07-03 04:00:00,JENB,17.96974856170628
2024-07-03 05:00:00,JENB,13.909739476811572
2024-07-03 06:00:00,JENB,9.499827824161542
2024-07-03 07:00:00,JENB,11.620323608458486
2024-07-03 08:00:00,JENB,13.47307264344817
2024-07-03 09:00:00,JENB,15.316333423906332
2024-07-03 10:00:00,JENB,17.277788491277818
2024-07-03 11:00:00,JENB,19.461841961897477
2024-07-03 12:00:00,JENB,22.493931603469477
2024-07-03 13:00:00,JENB,25.742209036184565
2024-07-03 14:00:00,JENB,29.26824149328867
2024-07-03 15:00:00,JENB,32.95089407508134
2024-07-03 16:00:00,JENB,36.967057357590434
2024-07-03 17:00:00,JENB,41.07774396464419
2024-07-03 18:00:00,JENB,44.76170281585772
2024-07-03 19:00:00,JENB,49.53339835342565
2024-07-03 20:00:00,JENB,54.995646082206505
2024-07-03 21:00:00,JENB,60.713705526912285
2024-07-03 22:00:00,JENB,66.03288758376503
2024-07-03 23:00:00,JENB,70.90307427674952
2024-07-04 00:00:00,JENB,75.23993239658382
2024-07-04 01:00:00,JENB,64.54148344466317
2024-07-04 02:00:00,JENB,52.53043111525295
2024-07-04 03:00:00,JENB,39.756631948804845
2024-07-04 04:00:00,JENB,26.68208076243617
2024-07-04 05:00:00,JENB,13.514338547014544
2024-07-04 06:00:00,JENB,0.256926368006947
2024-07-04 07:00:00,JENB,0.2714622437845941
2024-07-04 08:00:00,JENB,0.2796919328970418
2024-07-04 09:00:00,JENB,0.2852836030490972
2024-07-04 10:00:00,JENB,0.2917724345236346
2024-07-04 11:00:00,JENB,0.3015038964506162
2024-07-04 12:00:00,JENB,0.3127569789142174
2024-07-04 13:00:00,JENB,0.3234223268979675
2024-07-04 14:00:00,JENB,0.3303273950436345
2024-07-04 15:00:00,JENB,0.3372324631893016
2024-07-04 16:00:00,JENB,0.3423792134325022
2024-07-04 17:00:00,JENB,0.3438966838121878
2024-07-04 18:00:00,JENB,0.3443218050537213
2024-07-04 19:00:00,JENB,0.3447469262952548
2024-07-04 20:00:00,JENB,0.3605473610541575
2024-07-04 21:00:00,JENB,0.4038910923035578
2024-07-04 22:00:00,JENB,0.5073232928212423
2024-07-04 23:00:00,JENB,0.6719531178280874
2024-07-05 00:00:00,JENB,0.8762288566349895
2024-07-05 01:00:00,JENB,0.8340445021187088
2024-07-05 02:00:00,JENB,0.8020551557541062
2024-07-05 03:00:00,JENB,0.7526976685040646
2024-07-05 04:00:00,JENB,0.6884118586990685
2024-07-05 05:00:00,JENB,0.6224402806994298
2024-07-05 06:00:00,JENB,0.5593506695926937
2024-07-05 07:00:00,JENB,0.7754077402349506
2024-07-05 08:00:00,JENB,0.975814593922845
2024-07-05 09:00:00,JENB,1.1721771857757304
2024-07-05 10:00:00,JENB,1.3367563062230174
2024-07-05 11:00:00,JENB,1.443564753274662
2024-07-05 12:00:00,JENB,1.5074160482348795
2024-07-05 13:00:00,JENB,1.5385807547692871
2024-07-05 14:00:00,JENB,1.5598253565890097
2024-07-05 15:00:00,JENB,1.5749390646386827
2024-07-05 16:00:00,JENB,1.576680247537558
2024-07-05 17:00:00,JENB,1.576680247537558
2024-07-05 18:00:00,JENB,1.5775447508238063
2024-07-05 19:00:00,JENB,1.5784060027160136
2024-07-05 20:00:00,JENB,1.5792672546082207
2024-07-05 21:00:00,JENB,1.5801075962318565
2024-07-05 22:00:00,JENB,1.580983181228813
2024-07-05 23:00:00,JENB,1.5819155425346074
2024-07-06 00:00:00,JENB,1.5824609021176583
2024-07-06 01:00:00,JENB,1.3196921838735711
2024-07-06 02:00:00,JENB,1.0569545133118745
2024-07-06 03:00:00,JENB,0.7942709815951443
2024-07-06 04:00:00,JENB,0.5320736161155282
2024-07-06 05:00:00,JENB,0.2703877927185812
2024-07-06 06:00:00,JENB,0.0112153579845837
2024-07-06 07:00:00,JENB,0.0161960630322105
2024-07-06 08:00:00,JENB,0.0215728989155092
2024-07-06 09:00:00,JENB,0.0273426790687587
2024-07-06 10:00:00,JENB,0.0627900345438909
2024-07-06 11:00:00,JENB,0.118258726426891
2024-07-06 12:00:00,JENB,0.1799951240188832
2024-07-06 13:00:00,JENB,0.2408957110504296
2024-07-06 14:00:00,JENB,0.681995031988394
2024-07-06 15:00:00,JENB,1.1601962276780835
2024-07-06 16:00:00,JENB,2.446888098695282
2024-07-06 17:00:00,JENB,4.406930123829444
2024-07-06 18:00:00,JENB,7.126414647775819
2024-07-06 19:00:00,JENB,11.120507989873476
2024-07-06 20:00:00,JENB,15.076768540050196
2024-07-06 21:00:00,JENB,21.357309574631728
2024-07-06 22:00:00,JENB,28.63642564437356
2024-07-06 23:00:00,JENB,38.80938640401066
2024-07-07 00:00:00,JENB,54.89445896544544
2024-07-07 01:00:00,JENB,56.775951395858414
2024-07-07 02:00:00,JENB,61.00594502255685
2024-07-07 03:00:00,JENB,64.05852173559605
2024-07-07 04:00:00,JENB,65.94029013664273
2024-07-07 05:00:00,JENB,64.87791605162093
2024-07-07 06:00:00,JENB,57.86047899437302
2024-07-07 07:00:00,JENB,64.84906278583048
2024-07-07 08:00:00,JENB,70.13640207006564
2024-07-07 09:00:00,JENB,75.51098677048586
2024-07-07 10:00:00,JENB,81.55069437364442
2024-07-07 11:00:00,JENB,88.06684445125995
2024-07-07 12:00:00,JENB,94.82875765822097
2024-07-07 13:00:00,JENB,100.94949348737852
2024-07-07 14:00:00,JENB,106.1889423104518
2024-07-07 15:00:00,JENB,110.20499886257222
2024-07-07 16:00:00,JENB,112.93450523681656
2024-07-07 17:00:00,JENB,114.56207555369542
2024-07-07 18:00:00,JENB,115.22853926954478
2024-07-07 19:00:00,JENB,115.49061316474344
2024-07-07 20:00:00,JENB,115.65275218188816
2024-07-07 21:00:00,JENB,115.76787297717684
2024-07-07 22:00:00,JENB,115.83861461106387
2024-07-07 23:00:00,JENB,115.89166931269892
2024-07-08 00:00:00,JENB,115.93534716115082
2024-07-08 01:00:00,JENB,96.62207612060374
2024-07-08 02:00:00,JENB,77.33342814430989
2024-07-08 03:00:00,JENB,58.24408001265212
2024-07-08 04:00:00,JENB,39.41256845362292
2024-07-08 05:00:00,JENB,21.009095167186786
2024-07-08 06:00:00,JENB,3.047039119234765
2024-07-08 07:00:00,JENB,4.92798723553101
2024-07-08 08:00:00,JENB,6.837657369837686
2024-07-08 09:00:00,JENB,8.857101681133154
2024-07-08 10:00:00,JENB,10.80669085891688
2024-07-08 11:00:00,JENB,12.44812429736357
2024-07-08 12:00:00,JENB,13.7185629101956
2024-07-08 13:00:00,JENB,14.503449631927822
2024-07-08 14:00:00,JENB,15.241194390432398
2024-07-08 15:00:00,JENB,15.669229245371763
2024-07-08 16:00:00,JENB,15.908632714306137
2024-07-08 17:00:00,JENB,16.027692152401798
2024-07-08 18:00:00,JENB,16.07529957817597
2024-07-08 19:00:00,JENB,16.09092128241996
2024-07-08 20:00:00,JENB,16.091511942199467
2024-07-08 21:00:00,JENB,16.091526584000796
2024-07-08 22:00:00,JENB,16.091573723053607
2024-07-08 23:00:00,JENB,16.091651648976242
2024-07-09 00:00:00,JENB,16.09265278315435
2024-07-09 01:00:00,JENB,13.410838891362614
2024-07-09 02:00:00,JENB,10.72942433027859
2024-07-09 03:00:00,JENB,8.048238899795317
2024-07-09 04:00:00,JENB,5.367021941326486
2024-07-09 05:00:00,JENB,2.685774195987832
2024-07-09 06:00:00,JENB,0.0036032423937056
2024-07-09 07:00:00,JENB,0.0042473147694223
2024-07-09 08:00:00,JENB,0.0044920564374246
2024-07-09 09:00:00,JENB,0.0450377040847422
2024-07-09 10:00:00,JENB,0.1248936940980161
2024-07-09 11:00:00,JENB,0.2339150835507203
2024-07-09 12:00:00,JENB,0.3723185692474493
2024-07-09 13:00:00,JENB,0.5221093258647075
2024-07-09 14:00:00,JENB,0.6759080949084497
2024-07-09 15:00:00,JENB,0.7900190179860762
2024-07-09 16:00:00,JENB,0.8648186294318225
2024-07-09 17:00:00,JENB,0.9104528414381384
2024-07-09 18:00:00,JENB,0.9267007008279258
2024-07-09 19:00:00,JENB,0.931561289297184
2024-07-09 20:00:00,JENB,0.932413865339958
2024-07-09 21:00:00,JENB,0.9324096089674544
2024-07-09 22:00:00,JENB,0.9324053525949504
2024-07-09 23:00:00,JENB,0.9324010962224468
2024-07-10 00:00:00,JENB,0.9324010962224468
2024-07-10 01:00:00,JENB,0.7770009135187055
2024-07-10 02:00:00,JENB,0.6216007308149645
2024-07-10 03:00:00,JENB,0.4667809424108485
2024-07-10 04:00:00,JENB,0.3119611540067326
2024-07-10 05:00:00,JENB,0.1575110361238076
2024-07-10 06:00:00,JENB,0.0034899772450346
2024-07-10 07:00:00,JENB,0.0048691010700028
2024-07-10 08:00:00,JENB,0.064135642636756
2024-07-10 09:00:00,JENB,0.1713334124708672
2024-07-10 10:00:00,JENB,0.3135476110445125
2024-07-10 11:00:00,JENB,0.4919283489595876
2024-07-10 12:00:00,JENB,0.7171346332876294
2024-07-10 13:00:00,JENB,1.0141941458532804
2024-07-10 14:00:00,JENB,1.8937389280997168
2024-07-10 15:00:00,JENB,3.090419820056208
2024-07-10 16:00:00,JENB,4.882313229291658
2024-07-10 17:00:00,JENB,7.05380796242742
2024-07-10 18:00:00,JENB,9.927518928738696
2024-07-10 19:00:00,JENB,13.199046362332297
2024-07-10 20:00:00,JENB,15.8558928364071
2024-07-10 21:00:00,JENB,18.14985622919988
2024-07-10 22:00:00,JENB,19.8139682139214
2024-07-10 23:00:00,JENB,21.062038446252775
2024-07-11 00:00:00,JENB,21.56120559247064
2024-07-11 01:00:00,JENB,17.99136908389693
2024-07-11 02:00:00,JENB,14.395913162823076
2024-07-11 03:00:00,JENB,10.798079966585911
2024-07-11 04:00:00,JENB,7.200256180637799
2024-07-11 05:00:00,JENB,3.607654130673764
2024-07-11 06:00:00,JENB,0.0209491088023352
2024-07-11 07:00:00,JENB,0.0335780462025417
2024-07-11 08:00:00,JENB,0.0469915006143981
2024-07-11 09:00:00,JENB,0.0600175791945512
2024-07-11 10:00:00,JENB,0.0782151639803483
2024-07-11 11:00:00,JENB,0.1164880730396844
2024-07-11 12:00:00,JENB,0.2461917425887381
2024-07-11 13:00:00,JENB,3.2691828899226194
2024-07-11 14:00:00,JENB,8.079240824203577
2024-07-11 15:00:00,JENB,13.297428727413234
2024-07-11 16:00:00,JENB,19.00056055386802
2024-07-11 17:00:00,JENB,25.64484607379893
2024-07-11 18:00:00,JENB,32.37188364933898
2024-07-11 19:00:00,JENB,36.21015478071134
2024-07-11 20:00:00,JENB,38.26638677879066
2024-07-11 21:00:00,JENB,39.9428334920805
2024-07-11 22:00:00,JENB,41.151818472709394
2024-07-11 23:00:00,JENB,41.40398481272037
2024-07-12 00:00:00,JENB,41.47641152833558
2024-07-12 01:00:00,JENB,34.60252031222914
2024-07-12 02:00:00,JENB,27.72280927178813
2024-07-12 03:00:00,JENB,20.81481844688366
2024-07-12 04:00:00,JENB,13.884321839988388
2024-07-12 05:00:00,JENB,6.945338895571633
2024-07-12 06:00:00,JENB,0.0059781269800271
2024-07-12 07:00:00,JENB,0.0084142564929483
2024-07-12 08:00:00,JENB,0.0138114421940637
2024-07-12 09:00:00,JENB,0.1929645404045755
2024-07-12 10:00:00,JENB,1.4230024122740597
2024-07-12 11:00:00,JENB,3.695378575750352
2024-07-12 12:00:00,JENB,7.090302025707669
2024-07-12 13:00:00,JENB,10.991939398978154
2024-07-12 14:00:00,JENB,15.24065290258898
2024-07-12 15:00:00,JENB,19.56979578254379
2024-07-12 16:00:00,JENB,23.22790715742409
2024-07-12 17:00:00,JENB,26.103418197558632
2024-07-12 18:00:00,JENB,30.40952356211569
2024-07-12 19:00:00,JENB,37.02605336768517
2024-07-12 20:00:00,JENB,45.92262653613599
2024-07-12 21:00:00,JENB,56.35475340827178
2024-07-12 22:00:00,JENB,69.02026402238637
2024-07-12 23:00:00,JENB,85.77455006780924
2024-07-13 00:00:00,JENB,105.11685699342954
2024-07-13 01:00:00,JENB,96.90089184547924
2024-07-13 02:00:00,JENB,86.5249703103381
2024-07-13 03:00:00,JENB,74.59048245337667
2024-07-13 04:00:00,JENB,60.256610672350895
2024-07-13 05:00:00,JENB,41.70302848987069
2024-07-13 06:00:00,JENB,18.147228326416027
2024-07-13 07:00:00,JENB,19.340772661819063
2024-07-13 08:00:00,JENB,20.11259891153406
2024-07-13 09:00:00,JENB,20.722940893158725
2024-07-13 10:00:00,JENB,21.1899340175052
2024-07-13 11:00:00,JENB,21.64234109515526
2024-07-13 12:00:00,JENB,22.004204397545763
2024-07-13 13:00:00,JENB,22.387067203782102
2024-07-13 14:00:00,JENB,22.754499783605752
2024-07-13 15:00:00,JENB,23.06586191314845
2024-07-13 16:00:00,JENB,23.32906668788397
2024-07-13 17:00:00,JENB,23.49269626678915
2024-07-13 18:00:00,JENB,23.650886468445112
2024-07-13 19:00:00,JENB,24.45271877783613
2024-07-13 20:00:00,JENB,25.74475891530704
2024-07-13 21:00:00,JENB,27.466556768805773
2024-07-13 22:00:00,JENB,29.374456877030678
2024-07-13 23:00:00,JENB,31.4612654957119
2024-07-14 00:00:00,JENB,33.597754693126376
2024-07-14 01:00:00,JENB,28.97898626623814
2024-07-14 02:00:00,JENB,23.837835721705307
2024-07-14 03:00:00,JENB,18.253313273715232
2024-07-14 04:00:00,JENB,12.459936443247194
2024-07-14 05:00:00,JENB,6.471816822796372
2024-07-14 06:00:00,JENB,0.391559251381877
2024-07-14 07:00:00,JENB,0.4652513762995196
2024-07-14 08:00:00,JENB,0.6014759390193598
2024-07-14 09:00:00,JENB,0.775528356523627
2024-07-14 10:00:00,JENB,1.1608995080951354
2024-07-14 11:00:00,JENB,1.7562366024817326
2024-07-14 12:00:00,JENB,2.4917796726897503
2024-07-14 13:00:00,JENB,3.258733193788577
2024-07-14 14:00:00,JENB,4.037196751043009
2024-07-14 15:00:00,JENB,4.777763788919937
2024-07-14 16:00:00,JENB,5.306882483032507
2024-07-14 17:00:00,JENB,5.625986212701204
2024-07-14 18:00:00,JENB,5.804505201605601
2024-07-14 19:00:00,JENB,5.887030097582787
2024-07-14 20:00:00,JENB,5.898818727361359
2024-07-14 21:00:00,JENB,5.911134856018414
2024-07-14 22:00:00,JENB,5.923450984675468
2024-07-14 23:00:00,JENB,5.936305646457956
2024-07-15 00:00:00,JENB,5.9485049396960274
2024-07-15 01:00:00,JENB,4.961095651747113
2024-07-15 02:00:00,JENB,3.969643495161161
2024-07-15 03:00:00,JENB,2.977793401107237
2024-07-15 04:00:00,JENB,1.986072868463824
2024-07-15 05:00:00,JENB,0.9939433641054892
2024-07-15 06:00:00,JENB,0.0018463569986361
2024-07-15 07:00:00,JENB,0.0023970998921617
2024-07-15 08:00:00,JENB,0.0028182813751762
2024-07-15 09:00:00,JENB,0.0077147270967971
2024-07-15 10:00:00,JENB,0.0664576757579508
2024-07-15 11:00:00,JENB,0.1255622779028634
2024-07-15 12:00:00,JENB,0.185118257510339
2024-07-15 13:00:00,JENB,0.2462372670209593
2024-07-15 14:00:00,JENB,0.3108664749101981
2024-07-15 15:00:00,JENB,0.3708908571503195
2024-07-15 16:00:00,JENB,0.3769391750403971
2024-07-15 17:00:00,JENB,0.3836777497062396
2024-07-15 18:00:00,JENB,0.3899324496580377
2024-07-15 19:00:00,JENB,0.3946241197066911
2024-07-15 20:00:00,JENB,0.395805591376726
2024-07-15 21:00:00,JENB,0.3969870630467609
2024-07-15 22:00:00,JENB,0.3981685347167958
2024-07-15 23:00:00,JENB,0.3985947093821314
2024-07-16 00:00:00,JENB,0.4290970057195742
2024-07-16 01:00:00,JENB,0.5391867185612782
2024-07-16 02:00:00,JENB,0.8849443122471143
2024-07-16 03:00:00,JENB,1.6491090460575877
2024-07-16 04:00:00,JENB,3.008683570401126
2024-07-16 05:00:00,JENB,5.685344188319196
2024-07-16 06:00:00,JENB,10.392531915389398
2024-07-16 07:00:00,JENB,16.92593710426586
2024-07-16 08:00:00,JENB,25.05419482739392
2024-07-16 09:00:00,JENB,34.45025772679398
2024-07-16 10:00:00,JENB,43.852033477149234
2024-07-16 11:00:00,JENB,52.20668980188424
2024-07-16 12:00:00,JENB,58.60506860683813
2024-07-16 13:00:00,JENB,63.14641793457289
2024-07-16 14:00:00,JENB,65.95024852201493
2024-07-16 15:00:00,JENB,68.77130798260424
2024-07-16 16:00:00,JENB,72.1115768694615
2024-07-16 17:00:00,JENB,75.2728083293413
2024-07-16 18:00:00,JENB,78.47904598027786
2024-07-16 19:00:00,JENB,83.10539300277136
2024-07-16 20:00:00,JENB,89.46114510813736
2024-07-16 21:00:00,JENB,96.83959886582598
2024-07-16 22:00:00,JENB,106.2994353900178
2024-07-16 23:00:00,JENB,119.13702491922668
2024-07-17 00:00:00,JENB,134.41099725403248
2024-07-17 01:00:00,JENB,120.35065377675478
2024-07-17 02:00:00,JENB,105.00579439240158
2024-07-17 03:00:00,JENB,87.05586837050537
2024-07-17 04:00:00,JENB,66.08155012999632
2024-07-17 05:00:00,JENB,41.905645463516976
2024-07-17 06:00:00,JENB,15.291385971306616
2024-07-17 07:00:00,JENB,16.723161751071483
2024-07-17 08:00:00,JENB,17.67726119097299
2024-07-17 09:00:00,JENB,18.62600487946026
2024-07-17 10:00:00,JENB,19.676265726178627
2024-07-17 11:00:00,JENB,20.75560602299604
2024-07-17 12:00:00,JENB,22.370870205144804
2024-07-17 13:00:00,JENB,24.00123695400091
2024-07-17 14:00:00,JENB,25.708262168706806
2024-07-17 15:00:00,JENB,27.353475246040237
2024-07-17 16:00:00,JENB,28.737821289461287
2024-07-17 17:00:00,JENB,29.836067207659852
2024-07-17 18:00:00,JENB,30.25491242065357
2024-07-17 19:00:00,JENB,30.48505244108976
2024-07-17 20:00:00,JENB,30.587323816886133
2024-07-17 21:00:00,JENB,30.644883915397124
2024-07-17 22:00:00,JENB,30.695688850416648
2024-07-17 23:00:00,JENB,30.742832752702103
2024-07-18 00:00:00,JENB,30.78703316962152
2024-07-18 01:00:00,JENB,25.67806199416334
2024-07-18 02:00:00,JENB,20.560574364330883
2024-07-18 03:00:00,JENB,15.434688487767088
2024-07-18 04:00:00,JENB,10.298479481489512
2024-07-18 05:00:00,JENB,5.1562870051491165
2024-07-18 06:00:00,JENB,0.0136482951630329
2024-07-18 07:00:00,JENB,0.0181608753953509
2024-07-18 08:00:00,JENB,0.0242033485239233
2024-07-18 09:00:00,JENB,0.0784236874777373
2024-07-18 10:00:00,JENB,0.2466777588160152
2024-07-18 11:00:00,JENB,0.561784634927954
2024-07-18 12:00:00,JENB,0.94383294095978
2024-07-18 13:00:00,JENB,1.406307874144738
2024-07-18 14:00:00,JENB,1.984148253903994
2024-07-18 15:00:00,JENB,2.513013949853584
2024-07-18 16:00:00,JENB,2.9624716889193943
2024-07-18 17:00:00,JENB,3.2644797844547484
2024-07-18 18:00:00,JENB,3.5017439096523466
2024-07-18 19:00:00,JENB,3.6807040133562423
2024-07-18 20:00:00,JENB,3.74306799759874
2024-07-18 21:00:00,JENB,3.805430008305621
2024-07-18 22:00:00,JENB,3.832271796751749
2024-07-18 23:00:00,JENB,3.858853607186028
2024-07-19 00:00:00,JENB,3.882744614957651
2024-07-19 01:00:00,JENB,3.236326233251692
2024-07-19 02:00:00,JENB,2.589120540166502
2024-07-19 03:00:00,JENB,1.941914847081312
2024-07-19 04:00:00,JENB,1.2947092488233245
2024-07-19 05:00:00,JENB,0.6475036505653368
2024-07-19 06:00:00,JENB,0.000298052307349
2024-07-19 07:00:00,JENB,0.0006205526065946
2024-07-19 08:00:00,JENB,0.0831520633621726
2024-07-19 09:00:00,JENB,0.2593216122248327
2024-07-19 10:00:00,JENB,0.7085402632370777
2024-07-19 11:00:00,JENB,3.856914330918495
2024-07-19 12:00:00,JENB,7.312410005314354
2024-07-19 13:00:00,JENB,10.877246310748223
2024-07-19 14:00:00,JENB,16.036863880020448
2024-07-19 15:00:00,JENB,22.534738271906445
2024-07-19 16:00:00,JENB,30.67289295374648
2024-07-19 17:00:00,JENB,36.43033047889518
2024-07-19 18:00:00,JENB,41.97418721278415
2024-07-19 19:00:00,JENB,47.82828022606392
2024-07-19 20:00:00,JENB,52.720756734267376
2024-07-19 21:00:00,JENB,57.021644715571405
2024-07-19 22:00:00,JENB,60.76129594667576
2024-07-19 23:00:00,JENB,66.25841530290256
2024-07-20 00:00:00,JENB,72.85481070336557
2024-07-20 01:00:00,JENB,64.33919564078448
2024-07-20 02:00:00,JENB,55.67115730202234
2024-07-20 03:00:00,JENB,46.52020020098582
2024-07-20 04:00:00,JENB,36.31248486792295
2024-07-20 05:00:00,JENB,24.185548226081984
2024-07-20 06:00:00,JENB,10.97735449217066
2024-07-20 07:00:00,JENB,12.908959411056165
2024-07-20 08:00:00,JENB,14.438253207131435
2024-07-20 09:00:00,JENB,15.730263075873165
2024-07-20 10:00:00,JENB,16.813607825868242
2024-07-20 11:00:00,JENB,17.862098672166596
2024-07-20 12:00:00,JENB,18.848024330624423
2024-07-20 13:00:00,JENB,19.476371919501727
2024-07-20 14:00:00,JENB,20.07442495847705
2024-07-20 15:00:00,JENB,20.70167937018112
2024-07-20 16:00:00,JENB,21.38846915626775
2024-07-20 17:00:00,JENB,21.95714721410895
2024-07-20 18:00:00,JENB,22.476896065981894
2024-07-20 19:00:00,JENB,22.90653526798405
2024-07-20 20:00:00,JENB,23.20582986345884
2024-07-20 21:00:00,JENB,23.355819441991358
2024-07-20 22:00:00,JENB,23.359604260183158
2024-07-20 23:00:00,JENB,23.35966963399493
2024-07-21 00:00:00,JENB,23.35966963399493
2024-07-21 01:00:00,JENB,19.46639136166244
2024-07-21 02:00:00,JENB,15.57311308932995
2024-07-21 03:00:00,JENB,11.679834816997465
2024-07-21 04:00:00,JENB,7.786556544664975
2024-07-21 05:00:00,JENB,3.893278272332488
2024-07-21 06:00:00,JENB,0.0
2024-07-21 07:00:00,JENB,0.0
2024-07-21 08:00:00,JENB,0.0008523463179699
2024-07-21 09:00:00,JENB,0.0034176959474454
2024-07-21 10:00:00,JENB,0.0106031121281969
2024-07-21 11:00:00,JENB,0.1183958887111475
2024-07-21 12:00:00,JENB,0.2325978528587454
2024-07-21 13:00:00,JENB,0.3666632677826439
2024-07-21 14:00:00,JENB,0.8703521768097063
2024-07-21 15:00:00,JENB,2.841519020883632
2024-07-21 16:00:00,JENB,5.157560310874716
2024-07-21 17:00:00,JENB,7.397946135903739
2024-07-21 18:00:00,JENB,9.632634986481508
2024-07-21 19:00:00,JENB,13.487786522040087
2024-07-21 20:00:00,JENB,18.57767995251496
2024-07-21 21:00:00,JENB,24.405404749470996
2024-07-21 22:00:00,JENB,32.993240289602184
2024-07-21 23:00:00,JENB,43.399812817618695
2024-07-22 00:00:00,JENB,55.97958462402581
2024-07-22 01:00:00,JENB,54.18764570897297
2024-07-22 02:00:00,JENB,52.46080790503534
2024-07-22 03:00:00,JENB,49.33270045632693
2024-07-22 04:00:00,JENB,43.818950085112206
2024-07-22 05:00:00,JENB,37.004433458239056
2024-07-22 06:00:00,JENB,28.56094035792089
2024-07-22 07:00:00,JENB,33.04371331046053
2024-07-22 08:00:00,JENB,36.2129780130018
2024-07-22 09:00:00,JENB,38.928636412143135
2024-07-22 10:00:00,JENB,41.23575193387197
2024-07-22 11:00:00,JENB,43.30288763018184
2024-07-22 12:00:00,JENB,44.96562815841419
2024-07-22 13:00:00,JENB,46.53474756570555
2024-07-22 14:00:00,JENB,47.91325998588697
2024-07-22 15:00:00,JENB,49.109515887600296
2024-07-22 16:00:00,JENB,50.24737454498435
2024-07-22 17:00:00,JENB,51.26332689411504
2024-07-22 18:00:00,JENB,52.20369750308478
2024-07-22 19:00:00,JENB,53.582659241071326
2024-07-22 20:00:00,JENB,54.82470545842526
2024-07-22 21:00:00,JENB,55.90436101978505
2024-07-22 22:00:00,JENB,56.73463133611845
2024-07-22 23:00:00,JENB,57.40967264152496
2024-07-23 00:00:00,JENB,58.06835894822636
2024-07-23 01:00:00,JENB,48.56052687719284
2024-07-23 02:00:00,JENB,39.16917165503728
2024-07-23 03:00:00,JENB,29.796510881756586
2024-07-23 04:00:00,JENB,20.422195486249542
2024-07-23 05:00:00,JENB,11.135337357903358
2024-07-23 06:00:00,JENB,1.8664029493003125
2024-07-23 07:00:00,JENB,2.4871998775770323
2024-07-23 08:00:00,JENB,3.2562460530795736
2024-07-23 09:00:00,JENB,4.583997982373647
2024-07-23 10:00:00,JENB,8.184642439828272
2024-07-23 11:00:00,JENB,13.78931926786004
2024-07-23 12:00:00,JENB,19.81940436250654
2024-07-23 13:00:00,JENB,26.95219448446704
2024-07-23 14:00:00,JENB,33.96573330714
2024-07-23 15:00:00,JENB,40.50336023360784
2024-07-23 16:00:00,JENB,44.96889962831328
2024-07-23 17:00:00,JENB,47.39812403008846
2024-07-23 18:00:00,JENB,49.48176387688757
2024-07-23 19:00:00,JENB,50.32736155538235
2024-07-23 20:00:00,JENB,51.026262139535206
2024-07-23 21:00:00,JENB,51.63135202237682
2024-07-23 22:00:00,JENB,52.170883196379776
2024-07-23 23:00:00,JENB,52.88826622215869
2024-07-24 00:00:00,JENB,53.8546970969399
2024-07-24 01:00:00,JENB,45.6688164082225
2024-07-24 02:00:00,JENB,37.93141647307496
2024-07-24 03:00:00,JENB,30.98480290175464
2024-07-24 04:00:00,JENB,25.94663967928959
2024-07-24 05:00:00,JENB,22.917369928294494
2024-07-24 06:00:00,JENB,21.240789739270657
2024-07-24 07:00:00,JENB,29.19833951407453
2024-07-24 08:00:00,JENB,37.524175417379645
2024-07-24 09:00:00,JENB,45.15050219225702
2024-07-24 10:00:00,JENB,50.97323673559855
2024-07-24 11:00:00,JENB,54.69521300639496
2024-07-24 12:00:00,JENB,56.80212810600508
2024-07-24 13:00:00,JENB,58.457216228696055
2024-07-24 14:00:00,JENB,59.49878138944632
2024-07-24 15:00:00,JENB,60.55860937371015
2024-07-24 16:00:00,JENB,61.47537019301892
2024-07-24 17:00:00,JENB,62.35922368571552
2024-07-24 18:00:00,JENB,63.20573733448764
2024-07-24 19:00:00,JENB,63.95186591848876
2024-07-24 20:00:00,JENB,64.5036153985226
2024-07-24 21:00:00,JENB,64.97373168550763
2024-07-24 22:00:00,JENB,65.39580771471395
2024-07-24 23:00:00,JENB,65.71808596296832
2024-07-25 00:00:00,JENB,65.96358954740528
2024-07-25 01:00:00,JENB,55.07738765079363
2024-07-25 02:00:00,JENB,44.15438615781245
2024-07-25 03:00:00,JENB,33.18844894011251
2024-07-25 04:00:00,JENB,22.16753239612468
2024-07-25 05:00:00,JENB,11.112351781124657
2024-07-25 06:00:00,JENB,0.0382516306558134
2024-07-25 07:00:00,JENB,0.039376986520924
2024-07-25 08:00:00,JENB,0.0421001607454431
2024-07-25 09:00:00,JENB,0.0467073392949599
2024-07-25 10:00:00,JENB,0.051916894125658
2024-07-25 11:00:00,JENB,0.0571264489563562
2024-07-25 12:00:00,JENB,0.0623419336403987
2024-07-25 13:00:00,JENB,0.0667037410148802
2024-07-25 14:00:00,JENB,0.069336719050351
2024-07-25 15:00:00,JENB,0.0699377642586842
2024-07-25 16:00:00,JENB,0.069936433185836
2024-07-25 17:00:00,JENB,0.0699351021129913
2024-07-25 18:00:00,JENB,0.0699351021129913
2024-07-25 19:00:00,JENB,0.0699351021129913
2024-07-25 20:00:00,JENB,0.0699351021129913
2024-07-25 21:00:00,JENB,0.0699351021129913
2024-07-25 22:00:00,JENB,0.0699351021129913
2024-07-25 23:00:00,JENB,0.0699351021129913
2024-07-26 00:00:00,JENB,0.0699351021129913
2024-07-26 01:00:00,JENB,0.0582792517608225
2024-07-26 02:00:00,JENB,0.0466234014086573
2024-07-26 03:00:00,JENB,0.0349675510564921
2024-07-26 04:00:00,JENB,0.0233117007043269
2024-07-26 05:00:00,JENB,0.0116558503521616
2024-07-26 06:00:00,JENB,0.0
2024-07-26 07:00:00,JENB,0.0
2024-07-26 08:00:00,JENB,0.0
2024-07-26 09:00:00,JENB,0.0
2024-07-26 10:00:00,JENB,0.0023508646875937
2024-07-26 11:00:00,JENB,0.0079267475831042
2024-07-26 12:00:00,JENB,0.013986505192659
2024-07-26 13:00:00,JENB,0.0218099397398667
2024-07-26 14:00:00,JENB,0.1173225636802882
2024-07-26 15:00:00,JENB,0.2139959762199602
2024-07-26 16:00:00,JENB,0.3084223477541961
2024-07-26 17:00:00,JENB,0.3996396739546974
2024-07-26 18:00:00,JENB,0.4903731254411545
2024-07-26 19:00:00,JENB,0.5793428999899587
2024-07-26 20:00:00,JENB,0.5806234851455491
2024-07-26 21:00:00,JENB,0.5807432817018889
2024-07-26 22:00:00,JENB,0.5807592545760712
2024-07-26 23:00:00,JENB,0.5807592545760712
2024-07-27 00:00:00,JENB,0.5807592545760712
2024-07-27 01:00:00,JENB,0.4839660454800558
2024-07-27 02:00:00,JENB,0.3871728363840439
2024-07-27 03:00:00,JENB,0.290379627288032
2024-07-27 04:00:00,JENB,0.1935864181920202
2024-07-27 05:00:00,JENB,0.0967932090960083
2024-07-27 06:00:00,JENB,0.0
2024-07-27 07:00:00,JENB,0.1292912211214488
2024-07-27 08:00:00,JENB,0.2596493758113432
2024-07-27 09:00:00,JENB,0.4310222527151964
2024-07-27 10:00:00,JENB,1.0676186001756165
2024-07-27 11:00:00,JENB,5.07732722804105
2024-07-27 12:00:00,JENB,10.223325866334225
2024-07-27 13:00:00,JENB,15.263638670833805
2024-07-27 14:00:00,JENB,20.397647929084272
2024-07-27 15:00:00,JENB,26.130667447680857
2024-07-27 16:00:00,JENB,31.403631017266957
2024-07-27 17:00:00,JENB,33.30667117134189
2024-07-27 18:00:00,JENB,34.07342131498908
2024-07-27 19:00:00,JENB,34.816566071308415
2024-07-27 20:00:00,JENB,35.46494744030842
2024-07-27 21:00:00,JENB,35.47330382674835
2024-07-27 22:00:00,JENB,35.4764926916422
2024-07-27 23:00:00,JENB,35.4764926916422
2024-07-28 00:00:00,JENB,35.4764926916422
2024-07-28 01:00:00,JENB,29.56398784848801
2024-07-28 02:00:00,JENB,23.65150801530054
2024-07-28 03:00:00,JENB,17.739031479807952
2024-07-28 04:00:00,JENB,12.086271195630616
2024-07-28 05:00:00,JENB,6.944171771927059
2024-07-28 06:00:00,JENB,2.3089131740816606
2024-07-28 07:00:00,JENB,5.122829955604425
2024-07-28 08:00:00,JENB,10.601570948086763
2024-07-28 09:00:00,JENB,18.86809644256716
2024-07-28 10:00:00,JENB,28.764369625474963
2024-07-28 11:00:00,JENB,38.77784212697197
2024-07-28 12:00:00,JENB,48.43346937374508
2024-07-28 13:00:00,JENB,56.70147258988618
2024-07-28 14:00:00,JENB,62.40315202342841
2024-07-28 15:00:00,JENB,65.45409839756046
2024-07-28 16:00:00,JENB,66.77599882405715
2024-07-28 17:00:00,JENB,67.55064353069018
2024-07-28 18:00:00,JENB,68.18595061899548
2024-07-28 19:00:00,JENB,68.67682274177366
2024-07-28 20:00:00,JENB,69.06916942622443
2024-07-28 21:00:00,JENB,69.32478417931661
2024-07-28 22:00:00,JENB,69.42030374922565
2024-07-28 23:00:00,JENB,69.43560617488285
2024-07-29 00:00:00,JENB,69.44163658939601
2024-07-29 01:00:00,JENB,57.86876172083215
2024-07-29 02:00:00,JENB,46.29589438696664
2024-07-29 03:00:00,JENB,34.722768811084535
2024-07-29 04:00:00,JENB,23.149756480083475
2024-07-29 05:00:00,JENB,11.576389331386402
2024-07-29 06:00:00,JENB,0.0030630523071248
2024-07-29 07:00:00,JENB,0.0203954061819495
2024-07-29 08:00:00,JENB,0.0439656897354936
2024-07-29 09:00:00,JENB,0.1936084394351431
2024-07-29 10:00:00,JENB,0.4784919699582444
2024-07-29 11:00:00,JENB,0.8201766411799305
2024-07-29 12:00:00,JENB,1.1876205140397496
2024-07-29 13:00:00,JENB,1.5386994969676264
2024-07-29 14:00:00,JENB,1.8835330155184116
2024-07-29 15:00:00,JENB,2.1022295010155427
2024-07-29 16:00:00,JENB,2.185249151884018
2024-07-29 17:00:00,JENB,2.212306729040846
2024-07-29 18:00:00,JENB,2.213165059208676
2024-07-29 19:00:00,JENB,2.214023389376506
2024-07-29 20:00:00,JENB,2.214881719544336
2024-07-29 21:00:00,JENB,2.2157400497121658
2024-07-29 22:00:00,JENB,2.216598379879996
2024-07-29 23:00:00,JENB,2.216585145809411
2024-07-30 00:00:00,JENB,2.216585145809411
2024-07-30 01:00:00,JENB,1.8471542881745056
2024-07-30 02:00:00,JENB,1.477723430539604
2024-07-30 03:00:00,JENB,1.1082925729047022
2024-07-30 04:00:00,JENB,0.7388617152698003
2024-07-30 05:00:00,JENB,0.3694308576348983
2024-07-30 06:00:00,JENB,0.0
2024-07-30 07:00:00,JENB,0.0
2024-07-30 08:00:00,JENB,0.0
2024-07-30 09:00:00,JENB,0.0
2024-07-30 10:00:00,JENB,0.0008583068620247
2024-07-30 11:00:00,JENB,0.001716613724053
2024-07-30 12:00:00,JENB,0.0025749205860812
2024-07-30 13:00:00,JENB,0.0034332274481095
2024-07-30 14:00:00,JENB,0.0042915343101377
2024-07-30 15:00:00,JENB,0.0051561296459077
2024-07-30 16:00:00,JENB,0.0051624181196495
2024-07-30 17:00:00,JENB,0.0051687065933912
2024-07-30 18:00:00,JENB,0.0051627460493329
2024-07-30 19:00:00,JENB,0.005156785562118
2024-07-30 20:00:00,JENB,0.0051508250749031
2024-07-30 21:00:00,JENB,0.0051385761139464
2024-07-30 22:00:00,JENB,0.0051263271529898
2024-07-30 23:00:00,JENB,0.0051140781920331
2024-07-31 00:00:00,JENB,0.0051140782488801
2024-07-31 01:00:00,JENB,0.0042617318740632
2024-07-31 02:00:00,JENB,0.0034093854992499
2024-07-31 03:00:00,JENB,0.0025570391244365
2024-07-31 04:00:00,JENB,0.0017046927496232
2024-07-31 05:00:00,JENB,0.0008523463748098
2024-07-31 06:00:00,JENB,0.0
2024-07-31 07:00:00,JENB,0.0
2024-07-31 08:00:00,JENB,0.0008669881243745
2024-07-31 09:00:00,JENB,0.0023424425300424
2024-07-31 10:00:00,JENB,0.0062139666522256
2024-07-31 11:00:00,JENB,0.0137690972227373
2024-07-31 12:00:00,JENB,0.0307440357470496
2024-07-31 13:00:00,JENB,0.0596906927283799
2024-07-31 14:00:00,JENB,0.0976290125273986
2024-07-31 15:00:00,JENB,0.4379159543885116
2024-07-31 16:00:00,JENB,0.7759368155390347
2024-07-31 17:00:00,JENB,1.2382046281191998
2024-07-31 18:00:00,JENB,1.6941696752074733
2024-07-31 19:00:00,JENB,2.831620310270445
2024-07-31 20:00:00,JENB,5.637514209835686
2024-07-31 21:00:00,JENB,8.603717595079766
2024-07-31 22:00:00,JENB,14.447426855189384
2024-07-31 23:00:00,JENB,21.77288461655574
2024-08-01 00:00:00,JENB,29.23662661810217
2024-08-01 01:00:00,JENB,28.08335082161546
2024-08-01 02:00:00,JENB,25.25177146083697
2024-08-01 03:00:00,JENB,21.95692528809525
2024-08-01 04:00:00,JENB,15.784449049758429
2024-08-01 05:00:00,JENB,8.00232303588956
2024-08-01 06:00:00,JENB,0.0787957393787017
2024-08-01 07:00:00,JENB,0.0788289344692754
2024-08-01 08:00:00,JENB,0.0793452557732337
2024-08-01 09:00:00,JENB,0.0803427637247932
2024-08-01 10:00:00,JENB,0.088804887381164
2024-08-01 11:00:00,JENB,0.7330572852716198
2024-08-01 12:00:00,JENB,1.3804819000027244
2024-08-01 13:00:00,JENB,2.1872875124610767
2024-08-01 14:00:00,JENB,2.9980768095980155
2024-08-01 15:00:00,JENB,4.171884375949687
2024-08-01 16:00:00,JENB,5.493176337271831
2024-08-01 17:00:00,JENB,6.278691624675746
2024-08-01 18:00:00,JENB,7.323593820754972
2024-08-01 19:00:00,JENB,8.834261901650622
2024-08-01 20:00:00,JENB,10.39991768252618
2024-08-01 21:00:00,JENB,11.726770960648318
2024-08-01 22:00:00,JENB,12.949524908624058
2024-08-01 23:00:00,JENB,14.075020340418169
2024-08-02 00:00:00,JENB,14.93795664669632
2024-08-02 01:00:00,JENB,12.607328262694152
2024-08-02 02:00:00,JENB,10.217247016667551
2024-08-02 03:00:00,JENB,7.702469055473045
2024-08-02 04:00:00,JENB,5.136835615473287
2024-08-02 05:00:00,JENB,2.568789050394486
2024-08-02 06:00:00,JENB,0.0031451080222172
2024-08-02 07:00:00,JENB,0.3851239958009397
2024-08-02 08:00:00,JENB,1.152850613537923
2024-08-02 09:00:00,JENB,2.035242626244983
2024-08-02 10:00:00,JENB,2.9812926536797604
2024-08-02 11:00:00,JENB,3.9773772257150273
2024-08-02 12:00:00,JENB,5.019417714486866
2024-08-02 13:00:00,JENB,6.268315257360545
2024-08-02 14:00:00,JENB,9.127838115453622
2024-08-02 15:00:00,JENB,12.506346259246222
2024-08-02 16:00:00,JENB,16.646808789930382
2024-08-02 17:00:00,JENB,21.261519940689908
2024-08-02 18:00:00,JENB,26.17150085768311
2024-08-02 19:00:00,JENB,30.495433008888604
2024-08-02 20:00:00,JENB,32.82299211491644
2024-08-02 21:00:00,JENB,34.51690054027468
2024-08-02 22:00:00,JENB,35.38519656401364
2024-08-02 23:00:00,JENB,35.728838180418904
2024-08-03 00:00:00,JENB,35.72885149114739
2024-08-03 01:00:00,JENB,29.774042909289484
2024-08-03 02:00:00,JENB,23.886788780046103
2024-08-03 03:00:00,JENB,18.250744290546272
2024-08-03 04:00:00,JENB,12.89962591212674
2024-08-03 05:00:00,JENB,7.97785923069735
2024-08-03 06:00:00,JENB,3.4432763997497244
2024-08-03 07:00:00,JENB,5.171792356645569
2024-08-03 08:00:00,JENB,6.927913555944965
2024-08-03 09:00:00,JENB,8.527607790890137
2024-08-03 10:00:00,JENB,9.943888424116013
2024-08-03 11:00:00,JENB,11.019855067723308
2024-08-03 12:00:00,JENB,11.750544952761096
2024-08-03 13:00:00,JENB,12.23057943384912
2024-08-03 14:00:00,JENB,12.722820013941174
2024-08-03 15:00:00,JENB,13.266065967486991
2024-08-03 16:00:00,JENB,13.722804911399086
2024-08-03 17:00:00,JENB,14.097255039659537
2024-08-03 18:00:00,JENB,14.429783709668712
2024-08-03 19:00:00,JENB,14.70466789072846
2024-08-03 20:00:00,JENB,14.872186277766108
2024-08-03 21:00:00,JENB,14.89391661596066
2024-08-03 22:00:00,JENB,14.900641454427946
2024-08-03 23:00:00,JENB,14.900617401175309
2024-08-04 00:00:00,JENB,14.908824610518472
2024-08-04 01:00:00,JENB,12.430039009936715
2024-08-04 02:00:00,JENB,9.9640411387911
2024-08-04 03:00:00,JENB,7.525359909416656
2024-08-04 04:00:00,JENB,5.135260982454423
2024-08-04 05:00:00,JENB,2.84916521034956
2024-08-04 06:00:00,JENB,0.6354876656124995
2024-08-04 07:00:00,JENB,1.0467944711089785
2024-08-04 08:00:00,JENB,1.5576202923727245
2024-08-04 09:00:00,JENB,2.1027540727470413
2024-08-04 10:00:00,JENB,2.703286307187411
2024-08-04 11:00:00,JENB,3.397861811713866
2024-08-04 12:00:00,JENB,5.964973864838299
2024-08-04 13:00:00,JENB,9.726290507779112
2024-08-04 14:00:00,JENB,13.486136857898645
2024-08-04 15:00:00,JENB,17.381433257162772
2024-08-04 16:00:00,JENB,21.320099408141573
2024-08-04 17:00:00,JENB,25.215106985066075
2024-08-04 18:00:00,JENB,27.230539732185832
2024-08-04 19:00:00,JENB,27.93958190878263
2024-08-04 20:00:00,JENB,28.543471104790807
2024-08-04 21:00:00,JENB,28.968841675456307
2024-08-04 22:00:00,JENB,29.30899939660529
2024-08-04 23:00:00,JENB,29.60534328882576
2024-08-05 00:00:00,JENB,29.967148821202947
2024-08-05 01:00:00,JENB,25.14621917636066
2024-08-05 02:00:00,JENB,20.354940723802848
2024-08-05 03:00:00,JENB,15.5586453805997
2024-08-05 04:00:00,JENB,10.70871374026758
2024-08-05 05:00:00,JENB,5.759564286237692
2024-08-05 06:00:00,JENB,0.678647053238207
2024-08-05 07:00:00,JENB,0.769593502367036
2024-08-05 08:00:00,JENB,0.8484116858560022
2024-08-05 09:00:00,JENB,1.004730897534805
2024-08-05 10:00:00,JENB,1.1741155588881695
2024-08-05 11:00:00,JENB,1.440362395781505
2024-08-05 12:00:00,JENB,1.7914078000423526
2024-08-05 13:00:00,JENB,2.1696248881641558
2024-08-05 14:00:00,JENB,2.5523237775417207
2024-08-05 15:00:00,JENB,2.85774132344968
2024-08-05 16:00:00,JENB,3.157304072048916
2024-08-05 17:00:00,JENB,3.4446468824950456
2024-08-05 18:00:00,JENB,3.646878344343757
2024-08-05 19:00:00,JENB,3.808663010027144
2024-08-05 20:00:00,JENB,3.942759476016641
2024-08-05 21:00:00,JENB,4.063097123247585
2024-08-05 22:00:00,JENB,4.167722756565242
2024-08-05 23:00:00,JENB,4.176339678753282
2024-08-06 00:00:00,JENB,4.177988944046164
2024-08-06 01:00:00,JENB,3.4816557424584893
2024-08-06 02:00:00,JENB,2.7853871077783627
2024-08-06 03:00:00,JENB,2.0891189006936504
2024-08-06 04:00:00,JENB,1.3928506936089384
2024-08-06 05:00:00,JENB,0.6965927520041075
2024-08-06 06:00:00,JENB,0.0003245449193954
2024-08-06 07:00:00,JENB,0.000389539422358
2024-08-06 08:00:00,JENB,0.0003899670177758
2024-08-06 09:00:00,JENB,0.0003899670177758
2024-08-06 10:00:00,JENB,0.0003899670177758
2024-08-06 11:00:00,JENB,0.0003899670177758
2024-08-06 12:00:00,JENB,0.0015803423455535
2024-08-06 13:00:00,JENB,0.0031555884663178
2024-08-06 14:00:00,JENB,0.1382816882144606
2024-08-06 15:00:00,JENB,0.4988782381925865
2024-08-06 16:00:00,JENB,0.8602732038130453
2024-08-06 17:00:00,JENB,1.221668169433504
2024-08-06 18:00:00,JENB,1.5818727597261817
2024-08-06 19:00:00,JENB,1.941692479225876
2024-08-06 20:00:00,JENB,2.167961345098192
2024-08-06 21:00:00,JENB,2.1687597607405285
2024-08-06 22:00:00,JENB,2.1687597607405285
2024-08-06 23:00:00,JENB,2.1687597607405285
2024-08-07 00:00:00,JENB,2.1687597607405285
2024-08-07 01:00:00,JENB,1.8072998006171035
2024-08-07 02:00:00,JENB,1.445839840493682
2024-08-07 03:00:00,JENB,1.084379880370261
2024-08-07 04:00:00,JENB,0.7229199202468393
2024-08-07 05:00:00,JENB,0.3614599601234178
2024-08-07 06:00:00,JENB,0.0
2024-08-07 07:00:00,JENB,0.0
2024-08-07 08:00:00,JENB,0.0033095011398706
2024-08-07 09:00:00,JENB,0.0352487692334785
2024-08-07 10:00:00,JENB,0.0994470359741562
2024-08-07 11:00:00,JENB,0.2046477542804403
2024-08-07 12:00:00,JENB,2.927922113237537
2024-08-07 13:00:00,JENB,6.877129861667831
2024-08-07 14:00:00,JENB,11.602875508639832
2024-08-07 15:00:00,JENB,17.138931627298994
2024-08-07 16:00:00,JENB,23.21589995413792
2024-08-07 17:00:00,JENB,29.720104927419925
2024-08-07 18:00:00,JENB,33.7715400446809
2024-08-07 19:00:00,JENB,36.74800927597969
2024-08-07 20:00:00,JENB,38.944631107596905
2024-08-07 21:00:00,JENB,40.30231270057323
2024-08-07 22:00:00,JENB,41.08682308672272
2024-08-07 23:00:00,JENB,41.40309437486352
2024-08-08 00:00:00,JENB,41.55406187837455
2024-08-08 01:00:00,JENB,34.62884854823461
2024-08-08 02:00:00,JENB,27.703667715346157
2024-08-08 03:00:00,JENB,20.778492984463565
2024-08-08 04:00:00,JENB,13.853318253580976
2024-08-08 05:00:00,JENB,6.9281435226983845
2024-08-08 06:00:00,JENB,0.0029687918157954
2024-08-08 07:00:00,JENB,0.0030062496546973
2024-08-08 08:00:00,JENB,0.0053327874406186
2024-08-08 09:00:00,JENB,0.077708146262671
2024-08-08 10:00:00,JENB,0.2244507334636213
2024-08-08 11:00:00,JENB,0.5069651962065015
2024-08-08 12:00:00,JENB,0.9280056835432164
2024-08-08 13:00:00,JENB,2.411648502987773
2024-08-08 14:00:00,JENB,4.261220292015181
2024-08-08 15:00:00,JENB,6.338181624211971
2024-08-08 16:00:00,JENB,8.947464025636993
2024-08-08 17:00:00,JENB,11.644702721634909
2024-08-08 18:00:00,JENB,14.380881454569426
2024-08-08 19:00:00,JENB,16.086335902980764
2024-08-08 20:00:00,JENB,17.49476662549634
2024-08-08 21:00:00,JENB,18.61524501151469
2024-08-08 22:00:00,JENB,19.132815698495023
2024-08-08 23:00:00,JENB,19.42797210296437
2024-08-09 00:00:00,JENB,19.546111593950293
2024-08-09 01:00:00,JENB,16.356563024802053
2024-08-09 02:00:00,JENB,13.09583744090394
2024-08-09 03:00:00,JENB,9.826514435269573
2024-08-09 04:00:00,JENB,6.553540392476608
2024-08-09 05:00:00,JENB,3.2793174565827683
2024-08-09 06:00:00,JENB,0.0046453726419206
2024-08-09 07:00:00,JENB,0.0102321893489492
2024-08-09 08:00:00,JENB,0.0470972158487741
2024-08-09 09:00:00,JENB,0.1537768712900999
2024-08-09 10:00:00,JENB,0.3128682307053533
2024-08-09 11:00:00,JENB,0.5239776671350818
2024-08-09 12:00:00,JENB,0.8150064351812166
2024-08-09 13:00:00,JENB,1.2033008305624426
2024-08-09 14:00:00,JENB,1.6216103187192037
2024-08-09 15:00:00,JENB,2.036780168979106
2024-08-09 16:00:00,JENB,2.4042134438164
2024-08-09 17:00:00,JENB,2.719563647136256
2024-08-09 18:00:00,JENB,2.954994518839705
2024-08-09 19:00:00,JENB,3.0887120165281283
2024-08-09 20:00:00,JENB,3.1610864055125063
2024-08-09 21:00:00,JENB,3.16589109547434
2024-08-09 22:00:00,JENB,3.16589109547434
2024-08-09 23:00:00,JENB,3.16589109547434
2024-08-10 00:00:00,JENB,3.16589109547434
2024-08-10 01:00:00,JENB,2.638242579561947
2024-08-10 02:00:00,JENB,2.1105940636495566
2024-08-10 03:00:00,JENB,1.5829455477371666
2024-08-10 04:00:00,JENB,1.0561657256559065
2024-08-10 05:00:00,JENB,0.529565390091375
2024-08-10 06:00:00,JENB,0.0029650545268437
2024-08-10 07:00:00,JENB,0.0040132348747025
2024-08-10 08:00:00,JENB,0.0050614152225613
2024-08-10 09:00:00,JENB,0.00610959557042
2024-08-10 10:00:00,JENB,0.007217339382662
2024-08-10 11:00:00,JENB,0.0081455966781749
2024-08-10 12:00:00,JENB,0.0151022266751297
2024-08-10 13:00:00,JENB,0.0340420887542667
2024-08-10 14:00:00,JENB,0.0529819508334037
2024-08-10 15:00:00,JENB,0.0719218129125407
2024-08-10 16:00:00,JENB,0.0899334176961648
2024-08-10 17:00:00,JENB,0.1079450224797889
2024-08-10 18:00:00,JENB,0.1199282545619747
2024-08-10 19:00:00,JENB,0.1199282545619747
2024-08-10 20:00:00,JENB,0.1199282545619747
2024-08-10 21:00:00,JENB,0.1199282545619747
2024-08-10 22:00:00,JENB,0.1199282545619747
2024-08-10 23:00:00,JENB,0.1199282545619747
2024-08-11 00:00:00,JENB,0.1199328902432836
2024-08-11 01:00:00,JENB,0.0999448478162878
2024-08-11 02:00:00,JENB,0.079956805389292
2024-08-11 03:00:00,JENB,0.0599687629622963
2024-08-11 04:00:00,JENB,0.0399807205353005
2024-08-11 05:00:00,JENB,0.0199926781083047
2024-08-11 06:00:00,JENB,0.0
2024-08-11 07:00:00,JENB,0.0
2024-08-11 08:00:00,JENB,0.0
2024-08-11 09:00:00,JENB,0.0
2024-08-11 10:00:00,JENB,0.0056395198250392
2024-08-11 11:00:00,JENB,0.033505256471396
2024-08-11 12:00:00,JENB,0.0629180994668065
2024-08-11 13:00:00,JENB,0.0966539464787022
2024-08-11 14:00:00,JENB,0.1440347286945267
2024-08-11 15:00:00,JENB,0.1939182132725693
2024-08-11 16:00:00,JENB,0.2383418728600791
2024-08-11 17:00:00,JENB,0.2605393156262749
2024-08-11 18:00:00,JENB,0.2811916255790331
2024-08-11 19:00:00,JENB,0.297520931515306
2024-08-11 20:00:00,JENB,0.3002053022476502
2024-08-11 21:00:00,JENB,0.3012452789577333
2024-08-11 22:00:00,JENB,0.3021055608333065
2024-08-11 23:00:00,JENB,0.3029658427088796
2024-08-12 00:00:00,JENB,0.3038241510488368
2024-08-12 01:00:00,JENB,0.2537589981006681
2024-08-12 02:00:00,JENB,0.2036938451524995
2024-08-12 03:00:00,JENB,0.1527703838643737
2024-08-12 04:00:00,JENB,0.101846922576248
2024-08-12 05:00:00,JENB,0.0509234612881222
2024-08-12 06:00:00,JENB,0.000494140193922
2024-08-12 07:00:00,JENB,0.0009882803878476
2024-08-12 08:00:00,JENB,0.0023407274438015
2024-08-12 09:00:00,JENB,0.0119537324419398
2024-08-12 10:00:00,JENB,0.2161196769414381
2024-08-12 11:00:00,JENB,1.5464905698204805
2024-08-12 12:00:00,JENB,2.878590391013584
2024-08-12 13:00:00,JENB,4.210690212206687
2024-08-12 14:00:00,JENB,5.583101911777799
2024-08-12 15:00:00,JENB,7.200585246136777
2024-08-12 16:00:00,JENB,8.623515640994396
2024-08-12 17:00:00,JENB,8.920241087472471
2024-08-12 18:00:00,JENB,11.047286117879148
2024-08-12 19:00:00,JENB,13.174331148285829
2024-08-12 20:00:00,JENB,15.260205993452466
2024-08-12 21:00:00,JENB,17.092748645889053
2024-08-12 22:00:00,JENB,18.925291298325643
2024-08-12 23:00:00,JENB,20.757833950762237
2024-08-13 00:00:00,JENB,20.757833950762237
2024-08-13 01:00:00,JENB,17.298194958968523
2024-08-13 02:00:00,JENB,13.83855596717482
2024-08-13 03:00:00,JENB,10.378916975381111
2024-08-13 04:00:00,JENB,6.919277983587408
2024-08-13 05:00:00,JENB,3.4596389917937023
2024-08-13 06:00:00,JENB,0.0
2024-08-13 07:00:00,JENB,0.0
2024-08-13 08:00:00,JENB,0.0
2024-08-13 09:00:00,JENB,0.0006355851568799
2024-08-13 10:00:00,JENB,0.0452618726541088
2024-08-13 11:00:00,JENB,0.1091911082014972
2024-08-13 12:00:00,JENB,0.221351276152655
2024-08-13 13:00:00,JENB,1.8486486407673128
2024-08-13 14:00:00,JENB,4.4491451150391335
2024-08-13 15:00:00,JENB,7.560674258492146
2024-08-13 16:00:00,JENB,10.648172005162651
2024-08-13 17:00:00,JENB,14.087743923697936
2024-08-13 18:00:00,JENB,17.48780401510336
2024-08-13 19:00:00,JENB,19.37272690984529
2024-08-13 20:00:00,JENB,20.324558004902563
2024-08-13 21:00:00,JENB,20.77982721349121
2024-08-13 22:00:00,JENB,21.215137116522016
2024-08-13 23:00:00,JENB,21.27906989963789
2024-08-14 00:00:00,JENB,21.334283577479848
2024-08-14 01:00:00,JENB,17.822063318123263
2024-08-14 02:00:00,JENB,14.269735748794169
2024-08-14 03:00:00,JENB,10.702301811595625
2024-08-14 04:00:00,JENB,7.134867874397081
2024-08-14 05:00:00,JENB,3.567433937198539
2024-08-14 06:00:00,JENB,0.0003228089241513
2024-08-14 07:00:00,JENB,0.0330894416269747
2024-08-14 08:00:00,JENB,0.0658560743297981
2024-08-14 09:00:00,JENB,0.1100027611108375
2024-08-14 10:00:00,JENB,0.1806734524843483
2024-08-14 11:00:00,JENB,0.2538589941835909
2024-08-14 12:00:00,JENB,0.3287360786489417
2024-08-14 13:00:00,JENB,0.3795169587542086
2024-08-14 14:00:00,JENB,0.4595837392819807
2024-08-14 15:00:00,JENB,0.9213104721283824
2024-08-14 16:00:00,JENB,2.1607002413396863
2024-08-14 17:00:00,JENB,3.610677429048519
2024-08-14 18:00:00,JENB,5.058640265067088
2024-08-14 19:00:00,JENB,6.534529335599055
2024-08-14 20:00:00,JENB,8.033010916445525
2024-08-14 21:00:00,JENB,11.236085086089991
2024-08-14 22:00:00,JENB,15.11721434634157
2024-08-14 23:00:00,JENB,19.415219434413533
2024-08-15 00:00:00,JENB,24.18962779980401
2024-08-15 01:00:00,JENB,22.738284238720063
2024-08-15 02:00:00,JENB,21.248457802375405
2024-08-15 03:00:00,JENB,17.66099834324048
2024-08-15 04:00:00,JENB,12.591296752541076
2024-08-15 05:00:00,JENB,6.891617920388852
2024-08-15 06:00:00,JENB,0.7155358109181132
2024-08-15 07:00:00,JENB,0.7289317739898125
2024-08-15 08:00:00,JENB,0.7447035542692946
2024-08-15 09:00:00,JENB,0.8596696178746119
2024-08-15 10:00:00,JENB,1.0339305289315817
2024-08-15 11:00:00,JENB,1.2426048670247831
2024-08-15 12:00:00,JENB,1.484671367486031
2024-08-15 13:00:00,JENB,2.1206886504944062
2024-08-15 14:00:00,JENB,2.7625853025591747
2024-08-15 15:00:00,JENB,4.001457782556432
2024-08-15 16:00:00,JENB,5.184865395935264
2024-08-15 17:00:00,JENB,6.333858727087035
2024-08-15 18:00:00,JENB,7.449459895870762
2024-08-15 19:00:00,JENB,8.17111028210736
2024-08-15 20:00:00,JENB,8.871109946603497
2024-08-15 21:00:00,JENB,8.874939927436728
2024-08-15 22:00:00,JENB,8.874939927436728
2024-08-15 23:00:00,JENB,8.874939927436728
2024-08-16 00:00:00,JENB,8.874939927436728
2024-08-16 01:00:00,JENB,7.395783272863936
2024-08-16 02:00:00,JENB,5.916626618291149
2024-08-16 03:00:00,JENB,4.461504345246073
2024-08-16 04:00:00,JENB,3.006382072200997
2024-08-16 05:00:00,JENB,1.551259799155922
2024-08-16 06:00:00,JENB,0.09766179180408
2024-08-16 07:00:00,JENB,0.123543247949181
2024-08-16 08:00:00,JENB,0.1511856615344287
2024-08-16 09:00:00,JENB,0.1996410707911625
2024-08-16 10:00:00,JENB,0.3286718156069834
2024-08-16 11:00:00,JENB,0.6680374589340534
2024-08-16 12:00:00,JENB,7.621122256332636
2024-08-16 13:00:00,JENB,16.890369891073973
2024-08-16 14:00:00,JENB,27.19539116583318
2024-08-16 15:00:00,JENB,37.79583067082365
2024-08-16 16:00:00,JENB,48.54938804045489
2024-08-16 17:00:00,JENB,59.169393525497554
2024-08-16 18:00:00,JENB,63.17837988643769
2024-08-16 19:00:00,JENB,64.87088060111091
2024-08-16 20:00:00,JENB,65.52584671832611
2024-08-16 21:00:00,JENB,65.84054722811085
2024-08-16 22:00:00,JENB,65.92155453769574
2024-08-16 23:00:00,JENB,65.92577883335795
2024-08-17 00:00:00,JENB,65.92577883335795
2024-08-17 01:00:00,JENB,54.93814902779828
2024-08-17 02:00:00,JENB,43.95051922223863
2024-08-17 03:00:00,JENB,32.96288941667897
2024-08-17 04:00:00,JENB,22.160083708182007
2024-08-17 05:00:00,JENB,11.454915431958067
2024-08-17 06:00:00,JENB,1.0046359205730468
2024-08-17 07:00:00,JENB,1.8574888001644432
2024-08-17 08:00:00,JENB,2.768827556662558
2024-08-17 09:00:00,JENB,3.760863031622207
2024-08-17 10:00:00,JENB,4.88916786102842
2024-08-17 11:00:00,JENB,9.530226577408271
2024-08-17 12:00:00,JENB,19.465886702286035
2024-08-17 13:00:00,JENB,33.9211196906069
2024-08-17 14:00:00,JENB,49.53871154530509
2024-08-17 15:00:00,JENB,65.1828682542625
2024-08-17 16:00:00,JENB,80.73577789740472
2024-08-17 17:00:00,JENB,92.98330986014304
2024-08-17 18:00:00,JENB,99.685046279974
2024-08-17 19:00:00,JENB,102.28999714141926
2024-08-17 20:00:00,JENB,103.7810209972538
2024-08-17 21:00:00,JENB,105.97768212298612
2024-08-17 22:00:00,JENB,108.48753656563434
2024-08-17 23:00:00,JENB,110.72892348582695
2024-08-18 00:00:00,JENB,112.9940504608532
2024-08-18 01:00:00,JENB,95.264066813379
2024-08-18 02:00:00,JENB,77.44641883581889
2024-08-18 03:00:00,JENB,58.9278402178681
2024-08-18 04:00:00,JENB,40.23179913900412
2024-08-18 05:00:00,JENB,22.009821443772147
2024-08-18 06:00:00,JENB,3.887634889387528
2024-08-18 07:00:00,JENB,5.473187830675794
2024-08-18 08:00:00,JENB,9.107044399286323
2024-08-18 09:00:00,JENB,14.495961342161404
2024-08-18 10:00:00,JENB,21.346647118412925
2024-08-18 11:00:00,JENB,30.29036708142285
2024-08-18 12:00:00,JENB,41.22848358694723
2024-08-18 13:00:00,JENB,54.311337524865095
2024-08-18 14:00:00,JENB,68.58281925614062
2024-08-18 15:00:00,JENB,82.82968263985082
2024-08-18 16:00:00,JENB,97.11997069792828
2024-08-18 17:00:00,JENB,110.99968517105688
2024-08-18 18:00:00,JENB,126.0480587572662
2024-08-18 19:00:00,JENB,141.17159554395332
2024-08-18 20:00:00,JENB,155.32042993944077
2024-08-18 21:00:00,JENB,169.08848219536262
2024-08-18 22:00:00,JENB,181.86432582761887
2024-08-18 23:00:00,JENB,193.56396277539443
2024-08-19 00:00:00,JENB,202.98153712498257
2024-08-19 01:00:00,JENB,174.03072117204673
2024-08-19 02:00:00,JENB,143.89423941694704
2024-08-19 03:00:00,JENB,113.14054478063646
2024-08-19 04:00:00,JENB,82.03049662281704
2024-08-19 05:00:00,JENB,50.327585953942254
2024-08-19 06:00:00,JENB,18.17446656854363
2024-08-19 07:00:00,JENB,22.403515166298718
2024-08-19 08:00:00,JENB,26.40680495553176
2024-08-19 09:00:00,JENB,30.06565574364001
2024-08-19 10:00:00,JENB,33.47919836481713
2024-08-19 11:00:00,JENB,36.59617296465149
2024-08-19 12:00:00,JENB,39.28188767512981
2024-08-19 13:00:00,JENB,41.36807986347548
2024-08-19 14:00:00,JENB,42.64056410247711
2024-08-19 15:00:00,JENB,43.46747149667498
2024-08-19 16:00:00,JENB,44.06142780990187
2024-08-19 17:00:00,JENB,44.4580327780763
2024-08-19 18:00:00,JENB,44.76517703578138
2024-08-19 19:00:00,JENB,45.00187022908507
2024-08-19 20:00:00,JENB,45.18986059868811
2024-08-19 21:00:00,JENB,45.32845640366454
2024-08-19 22:00:00,JENB,45.42489859749778
2024-08-19 23:00:00,JENB,45.49296725517225
2024-08-20 00:00:00,JENB,45.524613341724894
2024-08-20 01:00:00,JENB,37.948498567479696
2024-08-20 02:00:00,JENB,30.364736739897413
2024-08-20 03:00:00,JENB,22.775970114719748
2024-08-20 04:00:00,JENB,15.185569148783417
2024-08-20 05:00:00,JENB,7.593460179108362
2024-08-20 06:00:00,JENB,0.000731283483195
2024-08-20 07:00:00,JENB,0.0032030843288416
2024-08-20 08:00:00,JENB,0.0139760955347644
2024-08-20 09:00:00,JENB,0.1351112871773989
2024-08-20 10:00:00,JENB,0.5293752291509974
2024-08-20 11:00:00,JENB,1.1276068445992635
2024-08-20 12:00:00,JENB,1.815224249202941
2024-08-20 13:00:00,JENB,2.641880035133736
2024-08-20 14:00:00,JENB,4.099626187573272
2024-08-20 15:00:00,JENB,8.732324625013886
2024-08-20 16:00:00,JENB,15.051567541189314
2024-08-20 17:00:00,JENB,21.8858379181502
2024-08-20 18:00:00,JENB,29.008998222365868
2024-08-20 19:00:00,JENB,36.01619875369809
2024-08-20 20:00:00,JENB,42.39081135778943
2024-08-20 21:00:00,JENB,45.86913622202
2024-08-20 22:00:00,JENB,47.95435713721527
2024-08-20 23:00:00,JENB,49.860023594388
2024-08-21 00:00:00,JENB,51.929058887959215
2024-08-21 01:00:00,JENB,45.646089938694544
2024-08-21 02:00:00,JENB,41.329075248704775
2024-08-21 03:00:00,JENB,38.77089240099633
2024-08-21 04:00:00,JENB,36.91284584047731
2024-08-21 05:00:00,JENB,35.143171727561025
2024-08-21 06:00:00,JENB,33.13382107204561
2024-08-21 07:00:00,JENB,39.6459095185528
2024-08-21 08:00:00,JENB,44.351953248538194
2024-08-21 09:00:00,JENB,47.1821292427614
2024-08-21 10:00:00,JENB,48.93875226036563
2024-08-21 11:00:00,JENB,50.156587106253006
2024-08-21 12:00:00,JENB,51.322421593572
2024-08-21 13:00:00,JENB,52.500665813715344
2024-08-21 14:00:00,JENB,53.62815808111962
2024-08-21 15:00:00,JENB,54.59541883506551
2024-08-21 16:00:00,JENB,55.45434464887826
2024-08-21 17:00:00,JENB,56.27886450147311
2024-08-21 18:00:00,JENB,56.88754672440561
2024-08-21 19:00:00,JENB,57.325933430505344
2024-08-21 20:00:00,JENB,57.65705871052798
2024-08-21 21:00:00,JENB,57.87913948706122
2024-08-21 22:00:00,JENB,58.02134663144393
2024-08-21 23:00:00,JENB,58.10899902080643
2024-08-22 00:00:00,JENB,58.162274318093154
2024-08-22 01:00:00,JENB,48.4801957764989
2024-08-22 02:00:00,JENB,38.79332442597816
2024-08-22 03:00:00,JENB,29.10698650679646
2024-08-22 04:00:00,JENB,19.416816067159488
2024-08-22 05:00:00,JENB,9.726586334722704
2024-08-22 06:00:00,JENB,0.0363566022859206
2024-08-22 07:00:00,JENB,0.0455852890423375
2024-08-22 08:00:00,JENB,0.0510209872918849
2024-08-22 09:00:00,JENB,0.0549264438569639
2024-08-22 10:00:00,JENB,0.0713448205167109
2024-08-22 11:00:00,JENB,0.0892866380210045
2024-08-22 12:00:00,JENB,0.2628943526067038
2024-08-22 13:00:00,JENB,0.5264971813464239
2024-08-22 14:00:00,JENB,0.8060272993578494
2024-08-22 15:00:00,JENB,1.084771520263964
2024-08-22 16:00:00,JENB,1.3497299187513103
2024-08-22 17:00:00,JENB,1.6131599333085742
2024-08-22 18:00:00,JENB,1.720921590187051
2024-08-22 19:00:00,JENB,1.7378925426907097
2024-08-22 20:00:00,JENB,1.738822189790916
2024-08-22 21:00:00,JENB,1.738819729193535
2024-08-22 22:00:00,JENB,1.738817268596154
2024-08-22 23:00:00,JENB,1.7388148079987729
2024-08-23 00:00:00,JENB,1.7388148079987729
2024-08-23 01:00:00,JENB,1.4490123399989774
2024-08-23 02:00:00,JENB,1.159209871999182
2024-08-23 03:00:00,JENB,0.8694074039993864
2024-08-23 04:00:00,JENB,0.579604935999591
2024-08-23 05:00:00,JENB,0.2898024679997955
2024-08-23 06:00:00,JENB,0.0
2024-08-23 07:00:00,JENB,0.0008583068620282
2024-08-23 08:00:00,JENB,0.0017166137240565
2024-08-23 09:00:00,JENB,0.0272479797208199
2024-08-23 10:00:00,JENB,0.0914995364426735
2024-08-23 11:00:00,JENB,0.1717686275164952
2024-08-23 12:00:00,JENB,0.2709406413224207
2024-08-23 13:00:00,JENB,0.4073893052536469
2024-08-23 14:00:00,JENB,0.5586653408176612
2024-08-23 15:00:00,JENB,0.685595783029016
2024-08-23 16:00:00,JENB,0.7738065103973005
2024-08-23 17:00:00,JENB,0.8459997034136169
2024-08-23 18:00:00,JENB,0.8992899736978295
2024-08-23 19:00:00,JENB,0.9149262364091018
2024-08-23 20:00:00,JENB,0.9162292676815116
2024-08-23 21:00:00,JENB,0.929626096500414
2024-08-23 22:00:00,JENB,0.9430224494372966
2024-08-23 23:00:00,JENB,0.9564188023741792
2024-08-24 00:00:00,JENB,0.969815155311062
2024-08-24 01:00:00,JENB,0.8168967179755382
2024-08-24 02:00:00,JENB,0.6634841878596899
2024-08-24 03:00:00,JENB,0.4976507271834853
2024-08-24 04:00:00,JENB,0.331849763758762
2024-08-24 05:00:00,JENB,0.1660806320490959
2024-08-24 06:00:00,JENB,0.0003115003394298
2024-08-24 07:00:00,JENB,0.0004011961841932
2024-08-24 08:00:00,JENB,0.0005134728537753
2024-08-24 09:00:00,JENB,0.0006400585564758
2024-08-24 10:00:00,JENB,0.0014732311417081
2024-08-24 11:00:00,JENB,0.0034671447709895
2024-08-24 12:00:00,JENB,0.0070591299199753
2024-08-24 13:00:00,JENB,0.0106407701738798
2024-08-24 14:00:00,JENB,0.0142157550635432
2024-08-24 15:00:00,JENB,0.0177714624705636
2024-08-24 16:00:00,JENB,0.0205880857435709
2024-08-24 17:00:00,JENB,0.0222121362574721
2024-08-24 18:00:00,JENB,0.0222381152516687
2024-08-24 19:00:00,JENB,0.0222494524445349
2024-08-24 20:00:00,JENB,0.0222448167632224
2024-08-24 21:00:00,JENB,0.0222448167632224
2024-08-24 22:00:00,JENB,0.0222448167632224
2024-08-24 23:00:00,JENB,0.0222448167632224
2024-08-25 00:00:00,JENB,0.0222448167632224
2024-08-25 01:00:00,JENB,0.0185373473026853
2024-08-25 02:00:00,JENB,0.0177351470351584
2024-08-25 03:00:00,JENB,0.0716377059593015
2024-08-25 04:00:00,JENB,0.1473015405518177
2024-08-25 05:00:00,JENB,0.2234535854849152
2024-08-25 06:00:00,JENB,0.5606717637664275
2024-08-25 07:00:00,JENB,1.580024002711474
2024-08-25 08:00:00,JENB,3.540796708807453
2024-08-25 09:00:00,JENB,6.12745843804678
2024-08-25 10:00:00,JENB,9.827728742358952
2024-08-25 11:00:00,JENB,15.433556342432963
2024-08-25 12:00:00,JENB,22.324199149459567
2024-08-25 13:00:00,JENB,29.31740963584206
2024-08-25 14:00:00,JENB,35.592158148340346
2024-08-25 15:00:00,JENB,41.38465628054227
2024-08-25 16:00:00,JENB,46.258563231223775
2024-08-25 17:00:00,JENB,49.45629363986272
2024-08-25 18:00:00,JENB,51.29255849166223
2024-08-25 19:00:00,JENB,52.586558493064175
2024-08-25 20:00:00,JENB,53.870806310664
2024-08-25 21:00:00,JENB,55.20356856601276
2024-08-25 22:00:00,JENB,56.62027067979099
2024-08-25 23:00:00,JENB,57.97075109159955
2024-08-26 00:00:00,JENB,59.17632000229055
2024-08-26 01:00:00,JENB,49.92171438324781
2024-08-26 02:00:00,JENB,40.47153526127657
2024-08-26 03:00:00,JENB,30.797200770343267
2024-08-26 04:00:00,JENB,20.85962524231923
2024-08-26 05:00:00,JENB,10.797959173151508
2024-08-26 06:00:00,JENB,0.7300194917262357
2024-08-26 07:00:00,JENB,1.1001941550504637
2024-08-26 08:00:00,JENB,1.7132567032141657
2024-08-26 09:00:00,JENB,2.464866540956427
2024-08-26 10:00:00,JENB,3.369894091870612
2024-08-26 11:00:00,JENB,4.318677364992794
2024-08-26 12:00:00,JENB,5.325606546093549
2024-08-26 13:00:00,JENB,6.156706545158401
2024-08-26 14:00:00,JENB,6.769427559460529
2024-08-26 15:00:00,JENB,7.295556877359189
2024-08-26 16:00:00,JENB,7.713939862576263
2024-08-26 17:00:00,JENB,8.684573992131648
2024-08-26 18:00:00,JENB,10.060950871916289
2024-08-26 19:00:00,JENB,11.451701357778033
2024-08-26 20:00:00,JENB,12.818644577839969
2024-08-26 21:00:00,JENB,14.125160226558352
2024-08-26 22:00:00,JENB,15.366227215526283
2024-08-26 23:00:00,JENB,15.974087315111165
2024-08-27 00:00:00,JENB,16.085333823148435
2024-08-27 01:00:00,JENB,13.444190254114188
2024-08-27 02:00:00,JENB,10.782630427116707
2024-08-27 03:00:00,JENB,8.106839376137225
2024-08-27 04:00:00,JENB,5.413348113858365
2024-08-27 05:00:00,JENB,2.7175001534697123
2024-08-27 06:00:00,JENB,0.0217321730283758
2024-08-27 07:00:00,JENB,0.0255396530179122
2024-08-27 08:00:00,JENB,0.0570218412361798
2024-08-27 09:00:00,JENB,0.0909365889576642
2024-08-27 10:00:00,JENB,0.1284788019513622
2024-08-27 11:00:00,JENB,0.1715107152270138
2024-08-27 12:00:00,JENB,0.225334904979245
2024-08-27 13:00:00,JENB,0.3027221084331754
2024-08-27 14:00:00,JENB,1.8199618692574469
2024-08-27 15:00:00,JENB,3.393849659391001
2024-08-27 16:00:00,JENB,5.016549929805967
2024-08-27 17:00:00,JENB,6.639367175574146
2024-08-27 18:00:00,JENB,8.250806428171776
2024-08-27 19:00:00,JENB,9.83628362449005
2024-08-27 20:00:00,JENB,9.95341010316643
2024-08-27 21:00:00,JENB,10.011456724355224
2024-08-27 22:00:00,JENB,10.017063399990391
2024-08-27 23:00:00,JENB,10.017063399990391
2024-08-28 00:00:00,JENB,10.017063399990391
2024-08-28 01:00:00,JENB,8.347552833325327
2024-08-28 02:00:00,JENB,6.6780422666602615
2024-08-28 03:00:00,JENB,5.008531699995196
2024-08-28 04:00:00,JENB,3.3390211333301307
2024-08-28 05:00:00,JENB,1.6695105666650654
2024-08-28 06:00:00,JENB,0.0
2024-08-28 07:00:00,JENB,0.0008583068620282
2024-08-28 08:00:00,JENB,0.0017166137240565
2024-08-28 09:00:00,JENB,0.0041566941605365
2024-08-28 10:00:00,JENB,0.0126937950549196
2024-08-28 11:00:00,JENB,0.0386480670261408
2024-08-28 12:00:00,JENB,0.0760887184757217
2024-08-28 13:00:00,JENB,0.1289395212902126
2024-08-28 14:00:00,JENB,2.188277639276583
2024-08-28 15:00:00,JENB,4.94235940748602
2024-08-28 16:00:00,JENB,7.758805172080549
2024-08-28 17:00:00,JENB,10.689092723736623
2024-08-28 18:00:00,JENB,13.63625064095565
2024-08-28 19:00:00,JENB,16.567140099947736
2024-08-28 20:00:00,JENB,17.491542243767945
2024-08-28 21:00:00,JENB,17.719618963790637
2024-08-28 22:00:00,JENB,17.87923466697033
2024-08-28 23:00:00,JENB,17.90759141201164
2024-08-29 00:00:00,JENB,17.90759141201164
2024-08-29 01:00:00,JENB,14.922992843343035
2024-08-29 02:00:00,JENB,11.93839427467443
2024-08-29 03:00:00,JENB,8.95379570600582
2024-08-29 04:00:00,JENB,5.969197137337214
2024-08-29 05:00:00,JENB,2.984598568668607
2024-08-29 06:00:00,JENB,0.0
2024-08-29 07:00:00,JENB,0.0
2024-08-29 08:00:00,JENB,0.0
2024-08-29 09:00:00,JENB,0.0001299890059252
2024-08-29 10:00:00,JENB,0.0161030835778972
2024-08-29 11:00:00,JENB,0.0621548783028957
2024-08-29 12:00:00,JENB,0.1311874897833614
2024-08-29 13:00:00,JENB,0.2021680082126416
2024-08-29 14:00:00,JENB,0.2778913166103245
2024-08-29 15:00:00,JENB,0.3731126262528738
2024-08-29 16:00:00,JENB,0.6916607364688817
2024-08-29 17:00:00,JENB,1.0236087417549928
2024-08-29 18:00:00,JENB,1.3329142135289322
2024-08-29 19:00:00,JENB,1.6402717783540572
2024-08-29 20:00:00,JENB,1.9428865532107795
2024-08-29 21:00:00,JENB,2.2258733378167097
2024-08-29 22:00:00,JENB,2.269690216283135
2024-08-29 23:00:00,JENB,2.270028499526431
2024-08-30 00:00:00,JENB,2.270028499526431
2024-08-30 01:00:00,JENB,1.8916904162720252
2024-08-30 02:00:00,JENB,1.5133523330176204
2024-08-30 03:00:00,JENB,1.1350142497632152
2024-08-30 04:00:00,JENB,0.7566761665088102
2024-08-30 05:00:00,JENB,0.3783380832544051
2024-08-30 06:00:00,JENB,0.0
2024-08-30 07:00:00,JENB,0.0
2024-08-30 08:00:00,JENB,0.0
2024-08-30 09:00:00,JENB,0.0002242671115488
2024-08-30 10:00:00,JENB,0.0015102516178017
2024-08-30 11:00:00,JENB,0.003439202156076
2024-08-30 12:00:00,JENB,0.0056914148275066
2024-08-30 13:00:00,JENB,0.0086686526058181
2024-08-30 14:00:00,JENB,0.0117268577612709
2024-08-30 15:00:00,JENB,0.0148697954458094
2024-08-30 16:00:00,JENB,0.0179171239518762
2024-08-30 17:00:00,JENB,0.0203214864259217
2024-08-30 18:00:00,JENB,0.0224025867668108
2024-08-30 19:00:00,JENB,0.0237586620008191
2024-08-30 20:00:00,JENB,0.025033769857686
2024-08-30 21:00:00,JENB,0.0259998780739184
2024-08-30 22:00:00,JENB,0.0259998780739184
2024-08-30 23:00:00,JENB,0.0259998780739184
2024-08-31 00:00:00,JENB,0.0259998780739184
2024-08-31 01:00:00,JENB,0.0216665650615986
2024-08-31 02:00:00,JENB,0.0173332520492789
2024-08-31 03:00:00,JENB,0.0129999390369592
2024-08-31 04:00:00,JENB,0.0086666260246394
2024-08-31 05:00:00,JENB,0.0043333130123197
2024-08-31 06:00:00,JENB,0.0
2024-08-31 07:00:00,JENB,0.0008523463179699
2024-08-31 08:00:00,JENB,0.0025719397740431
2024-08-31 09:00:00,JENB,0.0043208168327772
2024-08-31 10:00:00,JENB,0.0067139909963808
2024-08-31 11:00:00,JENB,0.019143235838521
2024-08-31 12:00:00,JENB,0.0359570724025857
2024-08-31 13:00:00,JENB,0.0551675743947913
2024-08-31 14:00:00,JENB,0.0785400385324149
2024-08-31 15:00:00,JENB,0.1044880801468672
2024-08-31 16:00:00,JENB,0.1314160183753648
2024-08-31 17:00:00,JENB,0.1483078859253259
2024-08-31 18:00:00,JENB,0.1612502785706059
2024-08-31 19:00:00,JENB,0.1709330652480937
2024-08-31 20:00:00,JENB,0.1755896257846819
2024-08-31 21:00:00,JENB,0.1776429773115543
2024-08-31 22:00:00,JENB,0.1780721351195116
2024-08-31 23:00:00,JENB,0.178501292927469
2024-09-01 00:00:00,JENB,0.178495333918183
2024-09-01 01:00:00,JENB,0.1487496989305197
2024-09-01 02:00:00,JENB,0.1190010808002347
2024-09-01 03:00:00,JENB,0.089250810600176
2024-09-01 04:00:00,JENB,0.0595005404001173
2024-09-01 05:00:00,JENB,0.0297502702000586
2024-09-01 06:00:00,JENB,0.0
2024-09-01 07:00:00,JENB,0.0
2024-09-01 08:00:00,JENB,0.0003538768086654
2024-09-01 09:00:00,JENB,0.009363075453421
2024-09-01 10:00:00,JENB,0.0343209620770165
2024-09-01 11:00:00,JENB,0.0847075275072557
2024-09-01 12:00:00,JENB,0.3989457521488405
2024-09-01 13:00:00,JENB,3.3453684439530766
2024-09-01 14:00:00,JENB,8.566090263109118
2024-09-01 15:00:00,JENB,13.984478421773764
2024-09-01 16:00:00,JENB,19.421117182128675
2024-09-01 17:00:00,JENB,24.8324718944842
2024-09-01 18:00:00,JENB,29.97997494762837
2024-09-01 19:00:00,JENB,32.4952935336099
2024-09-01 20:00:00,JENB,32.73595911543096
2024-09-01 21:00:00,JENB,32.77030303590732
2024-09-01 22:00:00,JENB,32.77044766671457
2024-09-01 23:00:00,JENB,32.77044766671457
2024-09-02 00:00:00,JENB,32.77044766671457
2024-09-02 01:00:00,JENB,27.308706388928805
2024-09-02 02:00:00,JENB,21.84696511114304
2024-09-02 03:00:00,JENB,16.385223833357287
2024-09-02 04:00:00,JENB,10.923482555571525
2024-09-02 05:00:00,JENB,5.4617412777857615
2024-09-02 06:00:00,JENB,0.0
2024-09-02 07:00:00,JENB,0.0
2024-09-02 08:00:00,JENB,0.0008875904646891
2024-09-02 09:00:00,JENB,0.025979711803431
2024-09-02 10:00:00,JENB,0.1165722142636911
2024-09-02 11:00:00,JENB,0.2362327521249158
2024-09-02 12:00:00,JENB,0.3660171440325387
2024-09-02 13:00:00,JENB,0.8220677644435959
2024-09-02 14:00:00,JENB,1.8010311446645342
2024-09-02 15:00:00,JENB,2.7856648340860906
2024-09-02 16:00:00,JENB,3.77237531761042
2024-09-02 17:00:00,JENB,4.730510431649848
2024-09-02 18:00:00,JENB,5.678521691642878
2024-09-02 19:00:00,JENB,6.300599797536511
2024-09-02 20:00:00,JENB,6.398877553155572
2024-09-02 21:00:00,JENB,6.467280468699963
2024-09-02 22:00:00,JENB,6.468106209020062
2024-09-02 23:00:00,JENB,6.468439283424099
2024-09-03 00:00:00,JENB,6.468772357828136
2024-09-03 01:00:00,JENB,5.390643631523446
2024-09-03 02:00:00,JENB,4.312514905218757
2024-09-03 03:00:00,JENB,3.234386178914068
2024-09-03 04:00:00,JENB,2.1562574526093785
2024-09-03 05:00:00,JENB,1.0781287263046893
2024-09-03 06:00:00,JENB,0.0
2024-09-03 07:00:00,JENB,0.0
2024-09-03 08:00:00,JENB,2.262823841977316e-05
2024-09-03 09:00:00,JENB,0.0175980140990655
2024-09-03 10:00:00,JENB,0.0955821878442743
2024-09-03 11:00:00,JENB,0.2082816680407212
2024-09-03 12:00:00,JENB,0.3567994007095024
2024-09-03 13:00:00,JENB,2.010047821549872
2024-09-03 14:00:00,JENB,4.924792261642259
2024-09-03 15:00:00,JENB,8.655244066744425
2024-09-03 16:00:00,JENB,12.491062350235069
2024-09-03 17:00:00,JENB,16.29216532727447
2024-09-03 18:00:00,JENB,20.057450051841546
2024-09-03 19:00:00,JENB,22.318004088237025
2024-09-03 20:00:00,JENB,23.317039477142067
2024-09-03 21:00:00,JENB,23.482814743415105
2024-09-03 22:00:00,JENB,23.482814743415105
2024-09-03 23:00:00,JENB,23.482814743415105
2024-09-04 00:00:00,JENB,23.482814743415105
2024-09-04 01:00:00,JENB,19.56901228617925
2024-09-04 02:00:00,JENB,15.655209828943404
2024-09-04 03:00:00,JENB,11.741407371707552
2024-09-04 04:00:00,JENB,7.827604914471703
2024-09-04 05:00:00,JENB,3.913802457235851
2024-09-04 06:00:00,JENB,0.0
2024-09-04 07:00:00,JENB,0.0
2024-09-04 08:00:00,JENB,0.0
2024-09-04 09:00:00,JENB,2.994913908499387e-05
2024-09-04 10:00:00,JENB,0.172405348814527
2024-09-04 11:00:00,JENB,0.3610619114590248
2024-09-04 12:00:00,JENB,0.5674638586369821
2024-09-04 13:00:00,JENB,0.8541911972768459
2024-09-04 14:00:00,JENB,3.6339396381772975
2024-09-04 15:00:00,JENB,7.195201976086745
2024-09-04 16:00:00,JENB,10.604917610466998
2024-09-04 17:00:00,JENB,13.998366723679526
2024-09-04 18:00:00,JENB,17.374492422052047
2024-09-04 19:00:00,JENB,20.6709235991842
2024-09-04 20:00:00,JENB,21.47433367405576
2024-09-04 21:00:00,JENB,21.496250255480877
2024-09-04 22:00:00,JENB,21.497368089898828
2024-09-04 23:00:00,JENB,21.49847128251545
2024-09-05 00:00:00,JENB,21.49915250543862
2024-09-05 01:00:00,JENB,17.91605877037186
2024-09-05 02:00:00,JENB,14.333094477745108
2024-09-05 03:00:00,JENB,10.750730297315943
2024-09-05 04:00:00,JENB,7.169310655143704
2024-09-05 05:00:00,JENB,3.588850905106736
2024-09-05 06:00:00,JENB,0.0090908795387856
2024-09-05 07:00:00,JENB,0.0131251686974411
2024-09-05 08:00:00,JENB,0.0199002212563048
2024-09-05 09:00:00,JENB,0.0321218752006524
2024-09-05 10:00:00,JENB,0.0474400009552682
2024-09-05 11:00:00,JENB,0.0727242336776451
2024-09-05 12:00:00,JENB,0.1111026403179247
2024-09-05 13:00:00,JENB,0.2247113526741878
2024-09-05 14:00:00,JENB,0.6010715045472492
2024-09-05 15:00:00,JENB,1.3723696992406855
2024-09-05 16:00:00,JENB,2.511388856014684
2024-09-05 17:00:00,JENB,3.998230619370367
2024-09-05 18:00:00,JENB,5.755728441648913
2024-09-05 19:00:00,JENB,7.945849211577926
2024-09-05 20:00:00,JENB,10.684588332131314
2024-09-05 21:00:00,JENB,13.629536731192118
2024-09-05 22:00:00,JENB,17.01246826773999
2024-09-05 23:00:00,JENB,21.111808784841493
2024-09-06 00:00:00,JENB,26.096086590374423
2024-09-06 01:00:00,JENB,25.008895799884264
2024-09-06 02:00:00,JENB,23.87444828170966
2024-09-06 03:00:00,JENB,23.3066396229378
2024-09-06 04:00:00,JENB,22.378252947440014
2024-09-06 05:00:00,JENB,20.84300493164892
2024-09-06 06:00:00,JENB,18.326131958901836
2024-09-06 07:00:00,JENB,22.02622660639501
2024-09-06 08:00:00,JENB,25.27018620111049
2024-09-06 09:00:00,JENB,27.517003333792044
2024-09-06 10:00:00,JENB,29.388043994753207
2024-09-06 11:00:00,JENB,30.955389905528826
2024-09-06 12:00:00,JENB,32.571530884828675
2024-09-06 13:00:00,JENB,33.97815906713779
2024-09-06 14:00:00,JENB,36.65397987096191
2024-09-06 15:00:00,JENB,40.24181854903509
2024-09-06 16:00:00,JENB,45.09608419155524
2024-09-06 17:00:00,JENB,50.02488308366334
2024-09-06 18:00:00,JENB,54.767260648611554
2024-09-06 19:00:00,JENB,59.06564573001032
2024-09-06 20:00:00,JENB,61.78398997437484
2024-09-06 21:00:00,JENB,63.41357555950898
2024-09-06 22:00:00,JENB,63.70334355900764
2024-09-06 23:00:00,JENB,63.75397681315886
2024-09-07 00:00:00,JENB,63.754474037160506
2024-09-07 01:00:00,JENB,53.12872836430042
2024-09-07 02:00:00,JENB,42.50298269144034
2024-09-07 03:00:00,JENB,31.877237018580253
2024-09-07 04:00:00,JENB,21.25149134572017
2024-09-07 05:00:00,JENB,10.625745672860084
2024-09-07 06:00:00,JENB,0.0
2024-09-07 07:00:00,JENB,0.0
2024-09-07 08:00:00,JENB,0.0
2024-09-07 09:00:00,JENB,0.0
2024-09-07 10:00:00,JENB,0.0
2024-09-07 11:00:00,JENB,0.0
2024-09-07 12:00:00,JENB,0.0
2024-09-07 13:00:00,JENB,0.0
2024-09-07 14:00:00,JENB,0.0
2024-09-07 15:00:00,JENB,0.0
2024-09-07 16:00:00,JENB,0.0
2024-09-07 17:00:00,JENB,0.0
2024-09-07 18:00:00,JENB,0.0
2024-09-07 19:00:00,JENB,0.0
2024-09-07 20:00:00,JENB,0.0
2024-09-07 21:00:00,JENB,0.0
2024-09-07 22:00:00,JENB,0.0
2024-09-07 23:00:00,JENB,2.2800432735078987e-05
2024-09-08 00:00:00,JENB,0.0009241683860135
2024-09-08 01:00:00,JENB,0.0009241683860135
2024-09-08 02:00:00,JENB,0.0009490119686176
2024-09-08 03:00:00,JENB,0.0009738555512216
2024-09-08 04:00:00,JENB,0.0009990319020377
2024-09-08 05:00:00,JENB,0.0010014078201187
2024-09-08 06:00:00,JENB,0.0001252162176563
2024-09-08 07:00:00,JENB,0.0001497270320483
2024-09-08 08:00:00,JENB,0.0010017405883308
2024-09-08 09:00:00,JENB,0.0018537541446133
2024-09-08 10:00:00,JENB,0.0159050526123007
2024-09-08 11:00:00,JENB,0.0301319758715617
2024-09-08 12:00:00,JENB,0.044739585884172
2024-09-08 13:00:00,JENB,0.1939601450440679
2024-09-08 14:00:00,JENB,0.6147106325505859
2024-09-08 15:00:00,JENB,1.280060251441855
2024-09-08 16:00:00,JENB,2.1537745822824386
2024-09-08 17:00:00,JENB,3.5189720388533385
2024-09-08 18:00:00,JENB,5.556316359143731
2024-09-08 19:00:00,JENB,9.464558664119073
2024-09-08 20:00:00,JENB,14.777280566307628
2024-09-08 21:00:00,JENB,21.831458323170104
2024-09-08 22:00:00,JENB,31.99995126842135
2024-09-08 23:00:00,JENB,45.44730507710321
2024-09-09 00:00:00,JENB,61.20362530680264
2024-09-09 01:00:00,JENB,60.243344708711184
2024-09-09 02:00:00,JENB,61.3578216170945
2024-09-09 03:00:00,JENB,63.60145489092241
2024-09-09 04:00:00,JENB,64.69777677863338
2024-09-09 05:00:00,JENB,64.1455653737201
2024-09-09 06:00:00,JENB,62.44023115661964
2024-09-09 07:00:00,JENB,76.55611379507253
2024-09-09 08:00:00,JENB,88.97832698691674
2024-09-09 09:00:00,JENB,99.71698473154672
2024-09-09 10:00:00,JENB,109.07051119368852
2024-09-09 11:00:00,JENB,116.85945829055314
2024-09-09 12:00:00,JENB,123.1389811429638
2024-09-09 13:00:00,JENB,128.51254481307356
2024-09-09 14:00:00,JENB,132.15744907225846
2024-09-09 15:00:00,JENB,134.74839356116084
2024-09-09 16:00:00,JENB,136.8759256947387
2024-09-09 17:00:00,JENB,138.53956703904456
2024-09-09 18:00:00,JENB,139.92673379911577
2024-09-09 19:00:00,JENB,141.19373901985878
2024-09-09 20:00:00,JENB,142.20177620885198
2024-09-09 21:00:00,JENB,142.89983751431532
2024-09-09 22:00:00,JENB,143.33575658717572
2024-09-09 23:00:00,JENB,143.74693866116743
2024-09-10 00:00:00,JENB,144.22044642150195
2024-09-10 01:00:00,JENB,120.56229736166264
2024-09-10 02:00:00,JENB,97.06378233621896
2024-09-10 03:00:00,JENB,74.0188201401694
2024-09-10 04:00:00,JENB,51.74647914890504
2024-09-10 05:00:00,JENB,30.643927936239614
2024-09-10 06:00:00,JENB,10.881852418076006
2024-09-10 07:00:00,JENB,16.2700495923223
2024-09-10 08:00:00,JENB,22.283717845322208
2024-09-10 09:00:00,JENB,29.186005692249864
2024-09-10 10:00:00,JENB,35.69823174767105
2024-09-10 11:00:00,JENB,41.47119182396042
2024-09-10 12:00:00,JENB,46.20497099020042
2024-09-10 13:00:00,JENB,50.10431281558034
2024-09-10 14:00:00,JENB,53.28359159872194
2024-09-10 15:00:00,JENB,55.16800126094706
2024-09-10 16:00:00,JENB,56.60713910545184
2024-09-10 17:00:00,JENB,57.56198459233106
2024-09-10 18:00:00,JENB,58.12091347688508
2024-09-10 19:00:00,JENB,58.41177227176569
2024-09-10 20:00:00,JENB,58.56726650665962
2024-09-10 21:00:00,JENB,58.60773718867153
2024-09-10 22:00:00,JENB,58.633038013639904
2024-09-10 23:00:00,JENB,58.643379912630834
2024-09-11 00:00:00,JENB,58.64362542103567
2024-09-11 01:00:00,JENB,48.869752660267366
2024-09-11 02:00:00,JENB,39.09592302780153
2024-09-11 03:00:00,JENB,29.322109093297588
2024-09-11 04:00:00,JENB,19.54830010028421
2024-09-11 05:00:00,JENB,9.774442178723252
2024-09-11 06:00:00,JENB,0.0010925396807587
2024-09-11 07:00:00,JENB,0.0046729680297246
2024-09-11 08:00:00,JENB,0.0090579309502425
2024-09-11 09:00:00,JENB,0.0134212660555192
2024-09-11 10:00:00,JENB,0.0409230263392593
2024-09-11 11:00:00,JENB,0.1935535420725049
2024-09-11 12:00:00,JENB,0.4493203409113349
2024-09-11 13:00:00,JENB,0.8274836989821379
2024-09-11 14:00:00,JENB,1.5675124049085736
2024-09-11 15:00:00,JENB,2.879098780069781
2024-09-11 16:00:00,JENB,4.47882641715781
2024-09-11 17:00:00,JENB,6.407211915433939
2024-09-11 18:00:00,JENB,9.186333416663484
2024-09-11 19:00:00,JENB,13.653571237113024
2024-09-11 20:00:00,JENB,20.02428549684145
2024-09-11 21:00:00,JENB,28.15628151317475
2024-09-11 22:00:00,JENB,38.09356560436001
2024-09-11 23:00:00,JENB,49.681554814181766
2024-09-12 00:00:00,JENB,62.5601247335858
2024-09-12 01:00:00,JENB,59.63196349095176
2024-09-12 02:00:00,JENB,55.8517341393716
2024-09-12 03:00:00,JENB,51.12909599547592
2024-09-12 04:00:00,JENB,45.72220496210398
2024-09-12 05:00:00,JENB,39.47010117098032
2024-09-12 06:00:00,JENB,32.20919604881611
2024-09-12 07:00:00,JENB,40.37923091121447
2024-09-12 08:00:00,JENB,48.07883548508934
2024-09-12 09:00:00,JENB,55.2721488149944
2024-09-12 10:00:00,JENB,61.826340274261945
2024-09-12 11:00:00,JENB,67.96079584624619
2024-09-12 12:00:00,JENB,73.74718093677053
2024-09-12 13:00:00,JENB,78.98974539035152
2024-09-12 14:00:00,JENB,84.08890707098845
2024-09-12 15:00:00,JENB,88.92669314610245
2024-09-12 16:00:00,JENB,93.4628710848138
2024-09-12 17:00:00,JENB,97.542802838274
2024-09-12 18:00:00,JENB,101.09897769678469
2024-09-12 19:00:00,JENB,104.19980502935584
2024-09-12 20:00:00,JENB,106.8293556986835
2024-09-12 21:00:00,JENB,109.0413810836082
2024-09-12 22:00:00,JENB,110.88788985917692
2024-09-12 23:00:00,JENB,112.44757320508594
2024-09-13 00:00:00,JENB,113.8307308058994
2024-09-13 01:00:00,JENB,95.6200469724092
2024-09-13 02:00:00,JENB,77.44103263921825
2024-09-13 03:00:00,JENB,59.47279251551188
2024-09-13 04:00:00,JENB,42.01398385575419
2024-09-13 05:00:00,JENB,25.276519717311807
2024-09-13 06:00:00,JENB,9.34167451779398
2024-09-13 07:00:00,JENB,13.891790833414348
2024-09-13 08:00:00,JENB,19.409115475210683
2024-09-13 09:00:00,JENB,26.07143280792652
2024-09-13 10:00:00,JENB,33.790105326114826
2024-09-13 11:00:00,JENB,42.22583883194677
2024-09-13 12:00:00,JENB,51.00812897871617
2024-09-13 13:00:00,JENB,59.59815591481018
2024-09-13 14:00:00,JENB,67.82729429019587
2024-09-13 15:00:00,JENB,75.55759034300958
2024-09-13 16:00:00,JENB,82.61573638903744
2024-09-13 17:00:00,JENB,89.34455006816295
2024-09-13 18:00:00,JENB,96.17750406107004
2024-09-13 19:00:00,JENB,103.77881643888932
2024-09-13 20:00:00,JENB,112.1353551934968
2024-09-13 21:00:00,JENB,120.93364492802564
2024-09-13 22:00:00,JENB,130.85676024336254
2024-09-13 23:00:00,JENB,142.1274425318516
2024-09-14 00:00:00,JENB,154.4663647750047
2024-09-14 01:00:00,JENB,135.85112710646544
2024-09-14 02:00:00,JENB,117.84359188037266
2024-09-14 03:00:00,JENB,100.66518188414476
2024-09-14 04:00:00,JENB,83.61678797163937
2024-09-14 05:00:00,JENB,66.22554508625703
2024-09-14 06:00:00,JENB,48.63054543516507
2024-09-14 07:00:00,JENB,62.281371797271696
2024-09-14 08:00:00,JENB,75.70408360973849
2024-09-14 09:00:00,JENB,88.81012749002637
2024-09-14 10:00:00,JENB,101.60192452485212
2024-09-14 11:00:00,JENB,113.95856150270248
2024-09-14 12:00:00,JENB,125.67475178261031
2024-09-14 13:00:00,JENB,136.80257494740923
2024-09-14 14:00:00,JENB,147.24753858578137
2024-09-14 15:00:00,JENB,156.95568692194547
2024-09-14 16:00:00,JENB,165.9760798686527
2024-09-14 17:00:00,JENB,174.3579108399836
2024-09-14 18:00:00,JENB,182.00257532559655
2024-09-14 19:00:00,JENB,188.74934745374853
2024-09-14 20:00:00,JENB,194.7794173113096
2024-09-14 21:00:00,JENB,200.1304466997616
2024-09-14 22:00:00,JENB,204.770797106334
2024-09-14 23:00:00,JENB,208.74155964131853
2024-09-15 00:00:00,JENB,212.1758737154356
2024-09-15 01:00:00,JENB,178.64417596624682
2024-09-15 02:00:00,JENB,144.7147116605534
2024-09-15 03:00:00,JENB,110.4996154334079
2024-09-15 04:00:00,JENB,75.99312151034509
2024-09-15 05:00:00,JENB,41.229728409987366
2024-09-15 06:00:00,JENB,6.214805528592772
2024-09-15 07:00:00,JENB,7.599327386584081
2024-09-15 08:00:00,JENB,8.805152525164704
2024-09-15 09:00:00,JENB,9.7312694607947
2024-09-15 10:00:00,JENB,10.39397751556725
2024-09-15 11:00:00,JENB,10.84743301169796
2024-09-15 12:00:00,JENB,11.161646690236084
2024-09-15 13:00:00,JENB,11.338860700518936
2024-09-15 14:00:00,JENB,11.44665427451196
2024-09-15 15:00:00,JENB,11.706391544353522
2024-09-15 16:00:00,JENB,12.27050672432128
2024-09-15 17:00:00,JENB,13.292523127010965
2024-09-15 18:00:00,JENB,14.932011485810252
2024-09-15 19:00:00,JENB,17.08378424203845
2024-09-15 20:00:00,JENB,20.02782357075868
2024-09-15 21:00:00,JENB,23.88082116458096
2024-09-15 22:00:00,JENB,28.58048505447091
2024-09-15 23:00:00,JENB,33.75759564568281
2024-09-16 00:00:00,JENB,38.80982502975458
2024-09-16 01:00:00,JENB,34.92192552206544
2024-09-16 02:00:00,JENB,30.3050445654769
2024-09-16 03:00:00,JENB,24.81028320012657
2024-09-16 04:00:00,JENB,18.356371115601146
2024-09-16 05:00:00,JENB,11.134577545304616
2024-09-16 06:00:00,JENB,3.576148487355847
2024-09-16 07:00:00,JENB,5.288316273857295
2024-09-16 08:00:00,JENB,7.876875738012279
2024-09-16 09:00:00,JENB,11.278645977043702
2024-09-16 10:00:00,JENB,15.67839871448576
2024-09-16 11:00:00,JENB,21.4818560853528
2024-09-16 12:00:00,JENB,28.91768030861765
2024-09-16 13:00:00,JENB,37.26402896610173
2024-09-16 14:00:00,JENB,46.10784047218233
2024-09-16 15:00:00,JENB,55.35860200136751
2024-09-16 16:00:00,JENB,64.72911568055812
2024-09-16 17:00:00,JENB,73.73273485772994
2024-09-16 18:00:00,JENB,82.54878500524376
2024-09-16 19:00:00,JENB,91.17958518714325
2024-09-16 20:00:00,JENB,100.33324766518288
2024-09-16 21:00:00,JENB,110.3006032797035
2024-09-16 22:00:00,JENB,121.29238882346029
2024-09-16 23:00:00,JENB,133.23360506237066
2024-09-17 00:00:00,JENB,145.23935233650573
2024-09-17 01:00:00,JENB,128.06134265448466
2024-09-17 02:00:00,JENB,109.96638276504687
2024-09-17 03:00:00,JENB,90.70335328885425
2024-09-17 04:00:00,JENB,70.11282761417638
2024-09-17 05:00:00,JENB,48.00228555169094
2024-09-17 06:00:00,JENB,24.57557810299334
2024-09-17 07:00:00,JENB,29.006429858725035
2024-09-17 08:00:00,JENB,32.519437638001925
2024-09-17 09:00:00,JENB,35.02924057596078
2024-09-17 10:00:00,JENB,36.56192673773367
2024-09-17 11:00:00,JENB,37.52462404723893
2024-09-17 12:00:00,JENB,38.1591257088067
2024-09-17 13:00:00,JENB,38.55712851698522
2024-09-17 14:00:00,JENB,38.78517499733423
2024-09-17 15:00:00,JENB,38.93767736360682
2024-09-17 16:00:00,JENB,39.06636748245584
2024-09-17 17:00:00,JENB,39.13055184353694
2024-09-17 18:00:00,JENB,39.17296064593239
2024-09-17 19:00:00,JENB,39.20250475044486
2024-09-17 20:00:00,JENB,39.2204277781853
2024-09-17 21:00:00,JENB,39.23312433192945
2024-09-17 22:00:00,JENB,39.23312433192945
2024-09-17 23:00:00,JENB,39.23312433192945
2024-09-18 00:00:00,JENB,39.23313155276489
2024-09-18 01:00:00,JENB,32.69429374606905
2024-09-18 02:00:00,JENB,26.155582830603848
2024-09-18 03:00:00,JENB,19.616875763497365
2024-09-18 04:00:00,JENB,13.078168696390888
2024-09-18 05:00:00,JENB,6.539458236762321
2024-09-18 06:00:00,JENB,0.0007491082066031
2024-09-18 07:00:00,JENB,0.0008850071821563
2024-09-18 08:00:00,JENB,0.0008940149270825
2024-09-18 09:00:00,JENB,0.0008991743132807
2024-09-18 10:00:00,JENB,0.0009043336994788
2024-09-18 11:00:00,JENB,0.0009128856077634
2024-09-18 12:00:00,JENB,0.0009128856077634
2024-09-18 13:00:00,JENB,0.0009190051155121
2024-09-18 14:00:00,JENB,0.0009251246232608
2024-09-18 15:00:00,JENB,0.0009312441310095
2024-09-18 16:00:00,JENB,0.0009373636387582
2024-09-18 17:00:00,JENB,0.0009434831465069
2024-09-18 18:00:00,JENB,0.0009496026542556
2024-09-18 19:00:00,JENB,0.0009496026542556
2024-09-18 20:00:00,JENB,0.0009496026542556
2024-09-18 21:00:00,JENB,0.001807909529333
2024-09-18 22:00:00,JENB,0.0026662164044105
2024-09-18 23:00:00,JENB,0.0035245232794879
2024-09-19 00:00:00,JENB,0.0043828301545653
2024-09-19 01:00:00,JENB,0.0042245630455227
2024-09-19 02:00:00,JENB,0.0040662959364801
2024-09-19 03:00:00,JENB,0.0030497219523601
2024-09-19 04:00:00,JENB,0.00203314796824
2024-09-19 05:00:00,JENB,0.00101657398412
2024-09-19 06:00:00,JENB,2.6621456964439004e-06
2024-09-19 07:00:00,JENB,0.002624453722147
2024-09-19 08:00:00,JENB,0.0080312248759349
2024-09-19 09:00:00,JENB,0.0170134523602319
2024-09-19 10:00:00,JENB,0.0399389732200568
2024-09-19 11:00:00,JENB,0.1251976514523548
2024-09-19 12:00:00,JENB,0.306313564474999
2024-09-19 13:00:00,JENB,1.7692243890392478
2024-09-19 14:00:00,JENB,3.379828604658762
2024-09-19 15:00:00,JENB,5.025987369407927
2024-09-19 16:00:00,JENB,6.6907394917987695
2024-09-19 17:00:00,JENB,8.293591868093761
2024-09-19 18:00:00,JENB,9.80144068364346
2024-09-19 19:00:00,JENB,10.02486635689414
2024-09-19 20:00:00,JENB,10.098692084811738
2024-09-19 21:00:00,JENB,10.133382052153626
2024-09-19 22:00:00,JENB,10.135530078794426
2024-09-19 23:00:00,JENB,10.137239121139764
2024-09-20 00:00:00,JENB,10.138104021330395
2024-09-20 01:00:00,JENB,8.44914573193902
2024-09-20 02:00:00,JENB,6.759309017248118
2024-09-20 03:00:00,JENB,5.069478057672765
2024-09-20 04:00:00,JENB,3.3796523877813
2024-09-20 05:00:00,JENB,1.6898322909086725
2024-09-20 06:00:00,JENB,0.0
2024-09-20 07:00:00,JENB,0.0
2024-09-20 08:00:00,JENB,0.0
2024-09-20 09:00:00,JENB,0.0
2024-09-20 10:00:00,JENB,0.0061550509708284
2024-09-20 11:00:00,JENB,0.0220605493461676
2024-09-20 12:00:00,JENB,0.0528505346206833
2024-09-20 13:00:00,JENB,0.0894363833644912
2024-09-20 14:00:00,JENB,0.1311498085346354
2024-09-20 15:00:00,JENB,0.1861011068608754
2024-09-20 16:00:00,JENB,0.234897354216287
2024-09-20 17:00:00,JENB,0.2740081486701505
2024-09-20 18:00:00,JENB,0.2982344562248375
2024-09-20 19:00:00,JENB,0.3166649003102323
2024-09-20 20:00:00,JENB,0.3299677679692908
2024-09-20 21:00:00,JENB,0.3300327624722534
2024-09-20 22:00:00,JENB,0.330097756975216
2024-09-20 23:00:00,JENB,0.330097756975216
2024-09-21 00:00:00,JENB,0.330097756975216
2024-09-21 01:00:00,JENB,0.2750814641460133
2024-09-21 02:00:00,JENB,0.2200651713168107
2024-09-21 03:00:00,JENB,0.165048878487608
2024-09-21 04:00:00,JENB,0.1100325856584053
2024-09-21 05:00:00,JENB,0.0550162928292026
2024-09-21 06:00:00,JENB,0.0
2024-09-21 07:00:00,JENB,0.0004276632239452
2024-09-21 08:00:00,JENB,0.0008553264478905
2024-09-21 09:00:00,JENB,0.0012829896718358
2024-09-21 10:00:00,JENB,0.001710652895781
2024-09-21 11:00:00,JENB,0.0330297346717652
2024-09-21 12:00:00,JENB,0.0678377776352689
2024-09-21 13:00:00,JENB,0.1196516062622593
2024-09-21 14:00:00,JENB,0.1737972775676318
2024-09-21 15:00:00,JENB,0.2279429488730042
2024-09-21 16:00:00,JENB,0.2820886201783767
2024-09-21 17:00:00,JENB,0.3053428729317103
2024-09-21 18:00:00,JENB,0.3251081644975244
2024-09-21 19:00:00,JENB,0.3274400071759065
2024-09-21 20:00:00,JENB,0.3282957145132401
2024-09-21 21:00:00,JENB,0.3291514218505738
2024-09-21 22:00:00,JENB,0.3300071291879074
2024-09-21 23:00:00,JENB,0.330862836525241
2024-09-22 00:00:00,JENB,0.3317185438625747
2024-09-22 01:00:00,JENB,0.277145209333257
2024-09-22 02:00:00,JENB,0.2217161674666055
2024-09-22 03:00:00,JENB,0.1662871255999541
2024-09-22 04:00:00,JENB,0.1108580837333027
2024-09-22 05:00:00,JENB,0.0554290418666513
2024-09-22 06:00:00,JENB,0.0004875448041571
2024-09-22 07:00:00,JENB,0.001712551354876
2024-09-22 08:00:00,JENB,0.0029390205554227
2024-09-22 09:00:00,JENB,0.0041654897559693
2024-09-22 10:00:00,JENB,0.005391958956516
2024-09-22 11:00:00,JENB,0.0066184281570627
2024-09-22 12:00:00,JENB,0.0073573525534522
2024-09-22 13:00:00,JENB,0.00735881520328
2024-09-22 14:00:00,JENB,0.00735881520328
2024-09-22 15:00:00,JENB,0.00735881520328
2024-09-22 16:00:00,JENB,0.0073572209764727
2024-09-22 17:00:00,JENB,0.0073556267496653
2024-09-22 18:00:00,JENB,0.007786484227388
2024-09-22 19:00:00,JENB,0.0082173417051107
2024-09-22 20:00:00,JENB,0.0086481991828334
2024-09-22 21:00:00,JENB,0.0090790566605561
2024-09-22 22:00:00,JENB,0.0095115083650861
2024-09-22 23:00:00,JENB,0.0099439600696162
2024-09-23 00:00:00,JENB,0.0099439600696162
2024-09-23 01:00:00,JENB,0.0082866333913468
2024-09-23 02:00:00,JENB,0.0066293067130774
2024-09-23 03:00:00,JENB,0.0049719800348081
2024-09-23 04:00:00,JENB,0.0033146533565387
2024-09-23 05:00:00,JENB,0.0016573266782693
2024-09-23 06:00:00,JENB,0.0
2024-09-23 07:00:00,JENB,0.0
2024-09-23 08:00:00,JENB,0.0
2024-09-23 09:00:00,JENB,0.0
2024-09-23 10:00:00,JENB,0.0046497497867699
2024-09-23 11:00:00,JENB,0.0126357296853794
2024-09-23 12:00:00,JENB,0.024391288118168
2024-09-23 13:00:00,JENB,0.036438506350597
2024-09-23 14:00:00,JENB,0.048487932023311
2024-09-23 15:00:00,JENB,0.0609724715574107
2024-09-23 16:00:00,JENB,0.0689355399290089
2024-09-23 17:00:00,JENB,0.0743886116827491
2024-09-23 18:00:00,JENB,0.3443188758388232
2024-09-23 19:00:00,JENB,1.0307199219579308
2024-09-23 20:00:00,JENB,1.9903002149794795
2024-09-23 21:00:00,JENB,3.2796564479461345
2024-09-23 22:00:00,JENB,5.01146681433121
2024-09-23 23:00:00,JENB,7.314626382258062
2024-09-24 00:00:00,JENB,10.096663579792835
2024-09-24 01:00:00,JENB,10.83225231030798
2024-09-24 02:00:00,JENB,13.354383135614365
2024-09-24 03:00:00,JENB,17.77830582135133
2024-09-24 04:00:00,JENB,23.368254762920078
2024-09-24 05:00:00,JENB,29.49918745645229
2024-09-24 06:00:00,JENB,35.419911542680154
2024-09-24 07:00:00,JENB,43.02574509155575
2024-09-24 08:00:00,JENB,48.626147273204346
2024-09-24 09:00:00,JENB,52.03091435528395
2024-09-24 10:00:00,JENB,53.93725931400247
2024-09-24 11:00:00,JENB,54.84375559727341
2024-09-24 12:00:00,JENB,55.27287670413061
2024-09-24 13:00:00,JENB,55.73437139955497
2024-09-24 14:00:00,JENB,56.325918969180336
2024-09-24 15:00:00,JENB,56.898578433615214
2024-09-24 16:00:00,JENB,57.39154985232692
2024-09-24 17:00:00,JENB,57.81120855467779
2024-09-24 18:00:00,JENB,58.24674982446388
2024-09-24 19:00:00,JENB,59.3087560194161
2024-09-24 20:00:00,JENB,61.09415896537994
2024-09-24 21:00:00,JENB,63.569619108286965
2024-09-24 22:00:00,JENB,66.27851713673256
2024-09-24 23:00:00,JENB,69.06737970772026
2024-09-25 00:00:00,JENB,71.85429261982672
2024-09-25 01:00:00,JENB,61.31585675457285
2024-09-25 02:00:00,JENB,49.8764259463599
2024-09-25 03:00:00,JENB,37.73251964647682
2024-09-25 04:00:00,JENB,25.32590187922652
2024-09-25 05:00:00,JENB,12.799814262132973
2024-09-25 06:00:00,JENB,0.2002531196591345
2024-09-25 07:00:00,JENB,0.2117788034215176
2024-09-25 08:00:00,JENB,0.2165576230234185
2024-09-25 09:00:00,JENB,0.2182750278746554
2024-09-25 10:00:00,JENB,0.2311227275460437
2024-09-25 11:00:00,JENB,0.2498622766236155
2024-09-25 12:00:00,JENB,0.2686018257011873
2024-09-25 13:00:00,JENB,0.2874063692817217
2024-09-25 14:00:00,JENB,0.3063391914865245
2024-09-25 15:00:00,JENB,0.3252720136913273
2024-09-25 16:00:00,JENB,0.3318598895943166
2024-09-25 17:00:00,JENB,0.3320624764373896
2024-09-25 18:00:00,JENB,0.3322650632804624
2024-09-25 19:00:00,JENB,0.3325326446264979
2024-09-25 20:00:00,JENB,0.3328019363541904
2024-09-25 21:00:00,JENB,0.3333304474761159
2024-09-25 22:00:00,JENB,0.3350487817523326
2024-09-25 23:00:00,JENB,0.3454201527241273
2024-09-26 00:00:00,JENB,0.4109077117976397
2024-09-26 01:00:00,JENB,0.3758482430966748
2024-09-26 02:00:00,JENB,0.3450951680775671
2024-09-26 03:00:00,JENB,0.3463587424605083
2024-09-26 04:00:00,JENB,0.5496112763769989
2024-09-26 05:00:00,JENB,0.9624389031961188
2024-09-26 06:00:00,JENB,1.5170047774921054
2024-09-26 07:00:00,JENB,2.1731561631569023
2024-09-26 08:00:00,JENB,2.8250009654854376
2024-09-26 09:00:00,JENB,3.447741498770334
2024-09-26 10:00:00,JENB,3.867791768975903
2024-09-26 11:00:00,JENB,4.070311105380613
2024-09-26 12:00:00,JENB,4.076693852912796
2024-09-26 13:00:00,JENB,4.084712673645548
2024-09-26 14:00:00,JENB,4.101093032988134
2024-09-26 15:00:00,JENB,4.122460706154004
2024-09-26 16:00:00,JENB,4.152432545001165
2024-09-26 17:00:00,JENB,4.194766675956934
2024-09-26 18:00:00,JENB,4.292971114981464
2024-09-26 19:00:00,JENB,5.17188548938763
2024-09-26 20:00:00,JENB,7.295881919471922
2024-09-26 21:00:00,JENB,12.119756931737069
2024-09-26 22:00:00,JENB,18.90176196959269
2024-09-26 23:00:00,JENB,27.66195845051982
2024-09-27 00:00:00,JENB,38.08142567756466
2024-09-27 01:00:00,JENB,37.58254114706784
2024-09-27 02:00:00,JENB,36.610157366856136
2024-09-27 03:00:00,JENB,33.59565447535188
2024-09-27 04:00:00,JENB,29.531597016102875
2024-09-27 05:00:00,JENB,24.476883276940345
2024-09-27 06:00:00,JENB,19.057061694072992
2024-09-27 07:00:00,JENB,24.302260707803185
2024-09-27 08:00:00,JENB,29.58609545090143
2024-09-27 09:00:00,JENB,34.839126466200575
2024-09-27 10:00:00,JENB,39.25201370725108
2024-09-27 11:00:00,JENB,42.78052652118884
2024-09-27 12:00:00,JENB,45.73626253343989
2024-09-27 13:00:00,JENB,50.09001221274098
2024-09-27 14:00:00,JENB,55.95774510894997
2024-09-27 15:00:00,JENB,62.9202455339032
2024-09-27 16:00:00,JENB,70.89608111640459
2024-09-27 17:00:00,JENB,80.3709235337007
2024-09-27 18:00:00,JENB,91.64608983431154
2024-09-27 19:00:00,JENB,103.07039283498251
2024-09-27 20:00:00,JENB,113.36394770566626
2024-09-27 21:00:00,JENB,123.38304027568152
2024-09-27 22:00:00,JENB,133.9347368472434
2024-09-27 23:00:00,JENB,144.29573528163812
2024-09-28 00:00:00,JENB,153.1934116399519
2024-09-28 01:00:00,JENB,131.95803366978552
2024-09-28 02:00:00,JENB,110.19903835094554
2024-09-28 03:00:00,JENB,87.65329636735666
2024-09-28 04:00:00,JENB,64.05961162232714
2024-09-28 05:00:00,JENB,39.53003780002481
2024-09-28 06:00:00,JENB,14.275463493410667
2024-09-28 07:00:00,JENB,17.156529529428788
2024-09-28 08:00:00,JENB,19.501204888734296
2024-09-28 09:00:00,JENB,21.56200021116885
2024-09-28 10:00:00,JENB,23.53233967909667
2024-09-28 11:00:00,JENB,25.58251394757801
2024-09-28 12:00:00,JENB,27.729603643188305
2024-09-28 13:00:00,JENB,30.5253323970806
2024-09-28 14:00:00,JENB,34.03564815527127
2024-09-28 15:00:00,JENB,37.78345606522892
2024-09-28 16:00:00,JENB,41.404049717747206
2024-09-28 17:00:00,JENB,44.94843661442921
2024-09-28 18:00:00,JENB,48.65377242872072
2024-09-28 19:00:00,JENB,52.27979291326045
2024-09-28 20:00:00,JENB,55.85014818115789
2024-09-28 21:00:00,JENB,59.44316074500711
2024-09-28 22:00:00,JENB,63.14675473191674
2024-09-28 23:00:00,JENB,66.67351400063936
2024-09-29 00:00:00,JENB,69.85179882784315
2024-09-29 01:00:00,JENB,59.98412315271543
2024-09-29 02:00:00,JENB,49.6029436237713
2024-09-29 03:00:00,JENB,38.78333675530268
2024-09-29 04:00:00,JENB,27.68800071950073
2024-09-29 05:00:00,JENB,16.41937144841462
2024-09-29 06:00:00,JENB,4.914401112155306
2024-09-29 07:00:00,JENB,5.815060403690291
2024-09-29 08:00:00,JENB,6.432786374229612
2024-09-29 09:00:00,JENB,6.846108593612964
2024-09-29 10:00:00,JENB,7.066717637194371
2024-09-29 11:00:00,JENB,7.14518769698783
2024-09-29 12:00:00,JENB,7.160633340311879
2024-09-29 13:00:00,JENB,7.167166428142337
2024-09-29 14:00:00,JENB,7.16927796830163
2024-09-29 15:00:00,JENB,7.16927796830163
2024-09-29 16:00:00,JENB,7.16927796830163
2024-09-29 17:00:00,JENB,7.169702482504254
2024-09-29 18:00:00,JENB,7.170126996706878
2024-09-29 19:00:00,JENB,7.170551510909502
2024-09-29 20:00:00,JENB,7.170976025112126
2024-09-29 21:00:00,JENB,7.1714005393147495
2024-09-29 22:00:00,JENB,7.171825053517374
2024-09-29 23:00:00,JENB,7.171825053517374
2024-09-30 00:00:00,JENB,7.171825053517374
2024-09-30 01:00:00,JENB,5.976585658636401
2024-09-30 02:00:00,JENB,4.781525631301651
2024-09-30 03:00:00,JENB,3.586774746721344
2024-09-30 04:00:00,JENB,2.39254476562975
2024-09-30 05:00:00,JENB,1.1990126410301458
2024-09-30 06:00:00,JENB,0.0057396392515639
2024-09-30 07:00:00,JENB,0.0078373524327291
2024-09-30 08:00:00,JENB,0.009887625605443
2024-09-30 09:00:00,JENB,0.0862616466323663
2024-09-30 10:00:00,JENB,0.1621797586735395
2024-09-30 11:00:00,JENB,0.2416326911834028
2024-09-30 12:00:00,JENB,0.3608512287422478
2024-09-30 13:00:00,JENB,0.7003326183292882
2024-09-30 14:00:00,JENB,1.1890452259746382
2024-09-30 15:00:00,JENB,1.6691275418345115
2024-09-30 16:00:00,JENB,2.1630784983759463
2024-09-30 17:00:00,JENB,2.653386988501256
2024-09-30 18:00:00,JENB,3.103803401908184
2024-09-30 19:00:00,JENB,3.3338906377111064
2024-09-30 20:00:00,JENB,3.4147412961605568
2024-09-30 21:00:00,JENB,3.429654350289795
2024-09-30 22:00:00,JENB,3.430690777300383
2024-09-30 23:00:00,JENB,3.4311966639779845
2024-10-01 00:00:00,JENB,3.4315934585543166
2024-10-01 01:00:00,JENB,2.859862339277934
2024-10-01 02:00:00,JENB,2.28800465175894
2024-10-01 03:00:00,JENB,1.716081969736983
2024-10-01 04:00:00,JENB,1.1441518719871584
2024-10-01 05:00:00,JENB,0.5722270037015248
2024-10-01 06:00:00,JENB,0.0009772880483575
2024-10-01 07:00:00,JENB,0.0017904917449428
2024-10-01 08:00:00,JENB,0.0031840897411533
2024-10-01 09:00:00,JENB,0.0208536470361149
2024-10-01 10:00:00,JENB,0.0729547149643658
2024-10-01 11:00:00,JENB,0.1653338713790054
2024-10-01 12:00:00,JENB,0.2810694904162019
2024-10-01 13:00:00,JENB,0.4381051159256983
2024-10-01 14:00:00,JENB,0.6408698056122748
2024-10-01 15:00:00,JENB,0.8833309522460694
2024-10-01 16:00:00,JENB,1.2501384188695397
2024-10-01 17:00:00,JENB,1.8856448029096808
2024-10-01 18:00:00,JENB,2.9084301657150498
2024-10-01 19:00:00,JENB,4.031533556009848
2024-10-01 20:00:00,JENB,5.374667239812333
2024-10-01 21:00:00,JENB,7.01458807378981
2024-10-01 22:00:00,JENB,8.868888679953127
2024-10-01 23:00:00,JENB,10.71960800560185
2024-10-02 00:00:00,JENB,12.425193298993582
2024-10-02 01:00:00,JENB,11.796494553271687
2024-10-02 02:00:00,JENB,11.877906744849245
2024-10-02 03:00:00,JENB,12.966777696918085
2024-10-02 04:00:00,JENB,15.14327176825893
2024-10-02 05:00:00,JENB,17.726482623920404
2024-10-02 06:00:00,JENB,20.75891645394901
2024-10-02 07:00:00,JENB,28.07471315682745
2024-10-02 08:00:00,JENB,36.62900201119098
2024-10-02 09:00:00,JENB,46.01691711676857
2024-10-02 10:00:00,JENB,56.11101415652011
2024-10-02 11:00:00,JENB,66.95211389382948
2024-10-02 12:00:00,JENB,77.79698902515469
2024-10-02 13:00:00,JENB,86.98668960460739
2024-10-02 14:00:00,JENB,94.19752647403617
2024-10-02 15:00:00,JENB,99.36099862824793
2024-10-02 16:00:00,JENB,102.42689222303608
2024-10-02 17:00:00,JENB,104.05683324997784
2024-10-02 18:00:00,JENB,104.97308030466677
2024-10-02 19:00:00,JENB,105.45438543782988
2024-10-02 20:00:00,JENB,105.70182823456643
2024-10-02 21:00:00,JENB,105.80446155011586
2024-10-02 22:00:00,JENB,105.838532285372
2024-10-02 23:00:00,JENB,105.84942337859816
2024-10-03 00:00:00,JENB,105.85483390022372
2024-10-03 01:00:00,JENB,88.21579019741979
2024-10-03 02:00:00,JENB,70.57453761081256
2024-10-03 03:00:00,JENB,52.93162276679603
2024-10-03 04:00:00,JENB,35.28784536581193
2024-10-03 05:00:00,JENB,17.644027764479013
2024-10-03 06:00:00,JENB,0.0001947697111808
2024-10-03 07:00:00,JENB,0.0406084846240614
2024-10-03 08:00:00,JENB,0.2379879958363697
2024-10-03 09:00:00,JENB,0.7042813196981215
2024-10-03 10:00:00,JENB,1.6050994346253025
2024-10-03 11:00:00,JENB,3.0607961930201446
2024-10-03 12:00:00,JENB,5.204099536872096
2024-10-03 13:00:00,JENB,8.114515581593675
2024-10-03 14:00:00,JENB,11.793549579522152
2024-10-03 15:00:00,JENB,16.140041513907278
2024-10-03 16:00:00,JENB,20.954937328128853
2024-10-03 17:00:00,JENB,26.05601661465772
2024-10-03 18:00:00,JENB,31.33921357093279
2024-10-03 19:00:00,JENB,36.6563508574186
2024-10-03 20:00:00,JENB,41.97296839118237
2024-10-03 21:00:00,JENB,47.47738772038736
2024-10-03 22:00:00,JENB,53.44533019083944
2024-10-03 23:00:00,JENB,60.099516057888856
2024-10-04 00:00:00,JENB,67.29157160177598
2024-10-04 01:00:00,JENB,60.33925327482907
2024-10-04 02:00:00,JENB,53.81499159806427
2024-10-04 03:00:00,JENB,47.46797318234986
2024-10-04 04:00:00,JENB,41.06783965867822
2024-10-04 05:00:00,JENB,34.53040464771121
2024-10-04 06:00:00,JENB,27.97114691693492
2024-10-04 07:00:00,JENB,35.94677313566769
2024-10-04 08:00:00,JENB,43.70884302088505
2024-10-04 09:00:00,JENB,51.15042515995719
2024-10-04 10:00:00,JENB,58.18474689770581
2024-10-04 11:00:00,JENB,64.68912563645854
2024-10-04 12:00:00,JENB,70.63342404224426
2024-10-04 13:00:00,JENB,76.13272338819336
2024-10-04 14:00:00,JENB,81.22323769446903
2024-10-04 15:00:00,JENB,85.98694308319438
2024-10-04 16:00:00,JENB,90.45111669599122
2024-10-04 17:00:00,JENB,94.614739004882
2024-10-04 18:00:00,JENB,98.40977644522933
2024-10-04 19:00:00,JENB,102.14875772422978
2024-10-04 20:00:00,JENB,105.73636493797837
2024-10-04 21:00:00,JENB,109.13244859855988
2024-10-04 22:00:00,JENB,112.3197452113326
2024-10-04 23:00:00,JENB,115.27296932092972
2024-10-05 00:00:00,JENB,118.07111163707734
2024-10-05 01:00:00,JENB,99.81836947272556
2024-10-05 02:00:00,JENB,81.19818407224072
2024-10-05 03:00:00,JENB,62.26587138321261
2024-10-05 04:00:00,JENB,43.06744230079872
2024-10-05 05:00:00,JENB,23.69279623334392
2024-10-05 06:00:00,JENB,4.1686318607499695
2024-10-05 07:00:00,JENB,5.08149689191962
2024-10-05 08:00:00,JENB,5.9263949736011154
2024-10-05 09:00:00,JENB,6.815331897751982
2024-10-05 10:00:00,JENB,7.792824475770194
2024-10-05 11:00:00,JENB,8.881559946926082
2024-10-05 12:00:00,JENB,10.167589017151364
2024-10-05 13:00:00,JENB,11.485301044704864
2024-10-05 14:00:00,JENB,12.875424106143004
2024-10-05 15:00:00,JENB,14.15670409597175
2024-10-05 16:00:00,JENB,15.34728141765888
2024-10-05 17:00:00,JENB,16.324548137958104
2024-10-05 18:00:00,JENB,16.96497610713551
2024-10-05 19:00:00,JENB,17.460078501596332
2024-10-05 20:00:00,JENB,17.740433447718914
2024-10-05 21:00:00,JENB,17.935128881530055
2024-10-05 22:00:00,JENB,18.000328533488723
2024-10-05 23:00:00,JENB,18.018434088467
2024-10-06 00:00:00,JENB,18.02357983512916
2024-10-06 01:00:00,JENB,15.021163397761743
2024-10-06 02:00:00,JENB,12.017096690054045
2024-10-06 03:00:00,JENB,9.01301340015491
2024-10-06 04:00:00,JENB,6.008922537404231
2024-10-06 05:00:00,JENB,3.0047655492082
2024-10-06 06:00:00,JENB,0.0006033332939864
2024-10-06 07:00:00,JENB,0.0006604213797104
2024-10-06 08:00:00,JENB,0.0007012608396939
2024-10-06 09:00:00,JENB,0.0007449994378597
2024-10-06 10:00:00,JENB,0.0007894693609394
2024-10-06 11:00:00,JENB,0.0008339392840191
2024-10-06 12:00:00,JENB,0.0017324401280339
2024-10-06 13:00:00,JENB,0.0025907470031114
2024-10-06 14:00:00,JENB,0.0034490538781888
2024-10-06 15:00:00,JENB,0.0043082159440947
2024-10-06 16:00:00,JENB,0.0051673780100006
2024-10-06 17:00:00,JENB,0.0060265400759065
2024-10-06 18:00:00,JENB,0.0060338010020991
2024-10-06 19:00:00,JENB,0.0060410619282916
2024-10-06 20:00:00,JENB,0.0060483228544842
2024-10-06 21:00:00,JENB,0.0060547285898483
2024-10-06 22:00:00,JENB,0.0060611343252125
2024-10-06 23:00:00,JENB,0.0060675400605766
2024-10-07 00:00:00,JENB,0.0060675400605766
2024-10-07 01:00:00,JENB,0.0050562833838138
2024-10-07 02:00:00,JENB,0.004045026707051
2024-10-07 03:00:00,JENB,0.0036043606842091
2024-10-07 04:00:00,JENB,0.070763462831661
2024-10-07 05:00:00,JENB,0.1408311318670072
2024-10-07 06:00:00,JENB,0.2109041232966985
2024-10-07 07:00:00,JENB,0.2819883714031526
2024-10-07 08:00:00,JENB,0.3530726195096066
2024-10-07 09:00:00,JENB,0.4235862769621398
2024-10-07 10:00:00,JENB,0.4265001662443793
2024-10-07 11:00:00,JENB,0.4265054886387243
2024-10-07 12:00:00,JENB,0.4265054886387243
2024-10-07 13:00:00,JENB,0.4265054886387243
2024-10-07 14:00:00,JENB,0.4265054886387243
2024-10-07 15:00:00,JENB,0.4265054886387243
2024-10-07 16:00:00,JENB,0.4265054886387243
2024-10-07 17:00:00,JENB,0.4265054886387243
2024-10-07 18:00:00,JENB,0.426570483141687
2024-10-07 19:00:00,JENB,0.4266354776446496
2024-10-07 20:00:00,JENB,0.4267004721476122
2024-10-07 21:00:00,JENB,0.4268304611535375
2024-10-07 22:00:00,JENB,0.4281309150699653
2024-10-07 23:00:00,JENB,0.4295507132036285
2024-10-08 00:00:00,JENB,0.4314794913507472
2024-10-08 01:00:00,JENB,0.360444835582299
2024-10-08 02:00:00,JENB,0.2895247666548194
2024-10-08 03:00:00,JENB,0.2190607015402921
2024-10-08 04:00:00,JENB,0.1474585739395414
2024-10-08 05:00:00,JENB,0.0758266074389101
2024-10-08 06:00:00,JENB,0.0044370773837075
2024-10-08 07:00:00,JENB,0.00671030038589
2024-10-08 08:00:00,JENB,0.0110422662687346
2024-10-08 09:00:00,JENB,0.0199476724893586
2024-10-08 10:00:00,JENB,0.0427016413517286
2024-10-08 11:00:00,JENB,0.1073953130605229
2024-10-08 12:00:00,JENB,0.3060784658395988
2024-10-08 13:00:00,JENB,1.2458134225718815
2024-10-08 14:00:00,JENB,2.9788761222279216
2024-10-08 15:00:00,JENB,5.488433390713805
2024-10-08 16:00:00,JENB,9.445824859869894
2024-10-08 17:00:00,JENB,16.02060503405686
2024-10-08 18:00:00,JENB,25.893704135833996
2024-10-08 19:00:00,JENB,38.52242004877802
2024-10-08 20:00:00,JENB,54.47316781572472
2024-10-08 21:00:00,JENB,73.19019666430412
2024-10-08 22:00:00,JENB,93.20373641896286
2024-10-08 23:00:00,JENB,112.31046187452446
2024-10-09 00:00:00,JENB,129.68182253073496
2024-10-09 01:00:00,JENB,117.80357859657023
2024-10-09 02:00:00,JENB,103.14194233390418
2024-10-09 03:00:00,JENB,85.55230649719422
2024-10-09 04:00:00,JENB,65.28750462865472
2024-10-09 05:00:00,JENB,43.27403751213393
2024-10-09 06:00:00,JENB,19.563608941930195
2024-10-09 07:00:00,JENB,21.605417027839756
2024-10-09 08:00:00,JENB,22.31308451560257
2024-10-09 09:00:00,JENB,22.401466720748303
2024-10-09 10:00:00,JENB,22.40771768899717
2024-10-09 11:00:00,JENB,22.41007969206736
2024-10-09 12:00:00,JENB,22.41164312854933
2024-10-09 13:00:00,JENB,22.41320656503129
2024-10-09 14:00:00,JENB,22.414770001513254
2024-10-09 15:00:00,JENB,22.415748205539977
2024-10-09 16:00:00,JENB,22.415797606477568
2024-10-09 17:00:00,JENB,22.415979163103124
2024-10-09 18:00:00,JENB,22.41642069774053
2024-10-09 19:00:00,JENB,22.416992221383865
2024-10-09 20:00:00,JENB,22.419360121854425
2024-10-09 21:00:00,JENB,22.42402162410487
2024-10-09 22:00:00,JENB,22.42977337297817
2024-10-09 23:00:00,JENB,22.44995016393507
2024-10-10 00:00:00,JENB,22.69056088469155
2024-10-10 01:00:00,JENB,19.306812481132017
2024-10-10 02:00:00,JENB,16.10787509329127
2024-10-10 03:00:00,JENB,12.96120291596394
2024-10-10 04:00:00,JENB,9.914052944736
2024-10-10 05:00:00,JENB,7.41552443923751
2024-10-10 06:00:00,JENB,5.257857514672383
2024-10-10 07:00:00,JENB,8.152915640257778
2024-10-10 08:00:00,JENB,14.035654150425271
2024-10-10 09:00:00,JENB,24.304650590800534
2024-10-10 10:00:00,JENB,38.16650685828513
2024-10-10 11:00:00,JENB,54.15992957823256
2024-10-10 12:00:00,JENB,71.7298598311802
2024-10-10 13:00:00,JENB,89.4939634333443
2024-10-10 14:00:00,JENB,105.18259615696589
2024-10-10 15:00:00,JENB,116.98313190438004
2024-10-10 16:00:00,JENB,125.2764956159134
2024-10-10 17:00:00,JENB,130.91870679953166
2024-10-10 18:00:00,JENB,134.4359750379576
2024-10-10 19:00:00,JENB,136.3656224301863
2024-10-10 20:00:00,JENB,137.24141522041927
2024-10-10 21:00:00,JENB,137.59126175583785
2024-10-10 22:00:00,JENB,137.76575738122358
2024-10-10 23:00:00,JENB,137.90138078472916
2024-10-11 00:00:00,JENB,138.02683828393674
2024-10-11 01:00:00,JENB,115.0878698521656
2024-10-11 02:00:00,JENB,92.1058355538814
2024-10-11 03:00:00,JENB,69.09806133787276
2024-10-11 04:00:00,JENB,46.0815376902729
2024-10-11 05:00:00,JENB,23.06206072387833
2024-10-11 06:00:00,JENB,0.045195862268401
2024-10-11 07:00:00,JENB,0.082802274908338
2024-10-11 08:00:00,JENB,0.2139601283323313
2024-10-11 09:00:00,JENB,0.5266588887937524
2024-10-11 10:00:00,JENB,1.2355374365722456
2024-10-11 11:00:00,JENB,2.528789418467684
2024-10-11 12:00:00,JENB,4.151530070710712
2024-10-11 13:00:00,JENB,6.284461654917432
2024-10-11 14:00:00,JENB,8.499428563170772
2024-10-11 15:00:00,JENB,10.684755606579587
2024-10-11 16:00:00,JENB,12.619566694843408
2024-10-11 17:00:00,JENB,13.995912711263353
2024-10-11 18:00:00,JENB,15.04802243430676
2024-10-11 19:00:00,JENB,15.569602685472264
2024-10-11 20:00:00,JENB,15.914628890617625
2024-10-11 21:00:00,JENB,16.10673585325014
2024-10-11 22:00:00,JENB,16.15099447481879
2024-10-11 23:00:00,JENB,16.16754538961946
2024-10-12 00:00:00,JENB,16.173291712771785
2024-10-12 01:00:00,JENB,13.47855151303537
2024-10-12 02:00:00,JENB,10.782890288724529
2024-10-12 03:00:00,JENB,8.08722136769623
2024-10-12 04:00:00,JENB,5.39153705323302
2024-10-12 05:00:00,JENB,2.695835634953241
2024-10-12 06:00:00,JENB,0.0001330752550181
2024-10-12 07:00:00,JENB,0.0001697036008251
2024-10-12 08:00:00,JENB,0.0002307048852431
2024-10-12 09:00:00,JENB,0.000341493400098
2024-10-12 10:00:00,JENB,0.0005092899808263
2024-10-12 11:00:00,JENB,0.0006770865615546
2024-10-12 12:00:00,JENB,0.0008319621986627
2024-10-12 13:00:00,JENB,0.0009789514639104
2024-10-12 14:00:00,JENB,0.0010934434776768
2024-10-12 15:00:00,JENB,0.0011504515435501
2024-10-12 16:00:00,JENB,0.0011504515435501
2024-10-12 17:00:00,JENB,0.0011504515435501
2024-10-12 18:00:00,JENB,0.0011504515435501
2024-10-12 19:00:00,JENB,0.014816012854853
2024-10-12 20:00:00,JENB,0.02950145964143
2024-10-12 21:00:00,JENB,0.3580963573108509
2024-10-12 22:00:00,JENB,1.1982786244405883
2024-10-12 23:00:00,JENB,2.129910134368988
2024-10-13 00:00:00,JENB,3.554939764091489
2024-10-13 01:00:00,JENB,3.6970374015056144
2024-10-13 02:00:00,JENB,4.129398379001349
2024-10-13 03:00:00,JENB,4.439592368343514
2024-10-13 04:00:00,JENB,4.279201160800248
2024-10-13 05:00:00,JENB,4.085717305067413
2024-10-13 06:00:00,JENB,3.412811908788788
2024-10-13 07:00:00,JENB,4.415018806876935
2024-10-13 08:00:00,JENB,5.15939822419511
2024-10-13 09:00:00,JENB,5.7139096693688085
2024-10-13 10:00:00,JENB,6.244104239245843
2024-10-13 11:00:00,JENB,6.815627275923791
2024-10-13 12:00:00,JENB,7.580585006033042
2024-10-13 13:00:00,JENB,8.224789863353909
2024-10-13 14:00:00,JENB,8.91369551440296
2024-10-13 15:00:00,JENB,9.68496400802079
2024-10-13 16:00:00,JENB,10.527321846285034
2024-10-13 17:00:00,JENB,11.365830469611012
2024-10-13 18:00:00,JENB,12.085613810249932
2024-10-13 19:00:00,JENB,12.6181100262731
2024-10-13 20:00:00,JENB,13.1132130394199
2024-10-13 21:00:00,JENB,13.531227786969923
2024-10-13 22:00:00,JENB,13.865141587578131
2024-10-13 23:00:00,JENB,14.105819008050553
2024-10-14 00:00:00,JENB,14.25839375812969
2024-10-14 01:00:00,JENB,11.923530846048155
2024-10-14 02:00:00,JENB,9.549068684622023
2024-10-14 03:00:00,JENB,7.1674541579442135
2024-10-14 04:00:00,JENB,4.78216593628358
2024-10-14 05:00:00,JENB,2.394278248286998
2024-10-14 06:00:00,JENB,0.0058072406911356
2024-10-14 07:00:00,JENB,0.0145314750386161
2024-10-14 08:00:00,JENB,0.022452600269925
2024-10-14 09:00:00,JENB,0.0307535131537826
2024-10-14 10:00:00,JENB,0.0390544260376402
2024-10-14 11:00:00,JENB,0.0473553389214978
2024-10-14 12:00:00,JENB,0.0565145591349692
2024-10-14 13:00:00,JENB,0.0653756373670862
2024-10-14 14:00:00,JENB,0.1116818484751359
2024-10-14 15:00:00,JENB,0.3046559015013491
2024-10-14 16:00:00,JENB,1.0362923561165258
2024-10-14 17:00:00,JENB,2.099205319139378
2024-10-14 18:00:00,JENB,3.252540655450639
2024-10-14 19:00:00,JENB,4.430281749663207
2024-10-14 20:00:00,JENB,5.570506930971693
2024-10-14 21:00:00,JENB,6.56618836823756
2024-10-14 22:00:00,JENB,7.050794149730703
2024-10-14 23:00:00,JENB,7.282453888911209
2024-10-15 00:00:00,JENB,7.607993906277253
2024-10-15 01:00:00,JENB,6.550230486975067
2024-10-15 02:00:00,JENB,5.688212850388996
2024-10-15 03:00:00,JENB,4.99900238075967
2024-10-15 04:00:00,JENB,4.355691481943973
2024-10-15 05:00:00,JENB,3.634876850104912
2024-10-15 06:00:00,JENB,2.72948208135733
2024-10-15 07:00:00,JENB,3.1803668710265933
2024-10-15 08:00:00,JENB,3.4352181523726992
2024-10-15 09:00:00,JENB,3.514761678928849
2024-10-15 10:00:00,JENB,3.5208248767859
2024-10-15 11:00:00,JENB,3.526061341571276
2024-10-15 12:00:00,JENB,3.530716984461613
2024-10-15 13:00:00,JENB,3.5307254439351508
2024-10-15 14:00:00,JENB,3.53073143186592
2024-10-15 15:00:00,JENB,3.557303630825725
2024-10-15 16:00:00,JENB,3.5882012796087035
2024-10-15 17:00:00,JENB,3.6198717634806825
2024-10-15 18:00:00,JENB,3.652357835603206
2024-10-15 19:00:00,JENB,3.764414774386548
2024-10-15 20:00:00,JENB,3.888161058274157
2024-10-15 21:00:00,JENB,4.093752660484372
2024-10-15 22:00:00,JENB,4.325060512408834
2024-10-15 23:00:00,JENB,4.948542263647922
2024-10-16 00:00:00,JENB,5.580173557211115
2024-10-16 01:00:00,JENB,4.879660381794992
2024-10-16 02:00:00,JENB,4.167457861274601
2024-10-16 03:00:00,JENB,3.3468438114025667
2024-10-16 04:00:00,JENB,2.4961820740623457
2024-10-16 05:00:00,JENB,1.2525736023184977
2024-10-16 06:00:00,JENB,0.0
2024-10-16 07:00:00,JENB,0.0
2024-10-16 08:00:00,JENB,0.0
2024-10-16 09:00:00,JENB,0.0004261732158279
2024-10-16 10:00:00,JENB,0.0008523464032346
2024-10-16 11:00:00,JENB,0.0013435140936039
2024-10-16 12:00:00,JENB,0.002407906859555
2024-10-16 13:00:00,JENB,0.0047209874161563
2024-10-16 14:00:00,JENB,0.0082025405730158
2024-10-16 15:00:00,JENB,0.0127054517102896
2024-10-16 16:00:00,JENB,0.0417071713708026
2024-10-16 17:00:00,JENB,0.1643952712867853
2024-10-16 18:00:00,JENB,0.4004826716622154
2024-10-16 19:00:00,JENB,0.7594578844560076
2024-10-16 20:00:00,JENB,1.1934263560170664
2024-10-16 21:00:00,JENB,1.6541471591723529
2024-10-16 22:00:00,JENB,2.0904487901371147
2024-10-16 23:00:00,JENB,2.4330524773699267
2024-10-17 00:00:00,JENB,2.661733991769341
2024-10-17 01:00:00,JENB,2.3005104791242035
2024-10-17 02:00:00,JENB,1.8632148593994
2024-10-17 03:00:00,JENB,1.397874114645454
2024-10-17 04:00:00,JENB,0.9326077109849156
2024-10-17 05:00:00,JENB,0.4673780471516736
2024-10-17 06:00:00,JENB,0.0021955223712433
2024-10-17 07:00:00,JENB,0.0029106582414505
2024-10-17 08:00:00,JENB,0.0044608269407887
2024-10-17 09:00:00,JENB,0.0086499672558946
2024-10-17 10:00:00,JENB,0.0151958133739797
2024-10-17 11:00:00,JENB,0.0236701147911824
2024-10-17 12:00:00,JENB,0.0336071667278153
2024-10-17 13:00:00,JENB,0.0445148928565339
2024-10-17 14:00:00,JENB,0.0561720306194783
2024-10-17 15:00:00,JENB,0.0664774984804105
2024-10-17 16:00:00,JENB,0.0757027260630157
2024-10-17 17:00:00,JENB,0.0829743219956873
2024-10-17 18:00:00,JENB,0.0887506701574474
2024-10-17 19:00:00,JENB,0.0934272103120249
2024-10-17 20:00:00,JENB,0.096429681715386
2024-10-17 21:00:00,JENB,0.0979901136436644
2024-10-17 22:00:00,JENB,0.0989724519802609
2024-10-17 23:00:00,JENB,0.0998897958138946
2024-10-18 00:00:00,JENB,0.1007746423960471
2024-10-18 01:00:00,JENB,0.0845400209477993
2024-10-18 02:00:00,JENB,0.0696349306459367
2024-10-18 03:00:00,JENB,0.0601379728683433
2024-10-18 04:00:00,JENB,0.0995085399206468
2024-10-18 05:00:00,JENB,0.416080683522673
2024-10-18 06:00:00,JENB,0.878123308425458
2024-10-18 07:00:00,JENB,1.4960074562126635
2024-10-18 08:00:00,JENB,2.5259809090483065
2024-10-18 09:00:00,JENB,4.23542259565999
2024-10-18 10:00:00,JENB,6.403283254144945
2024-10-18 11:00:00,JENB,8.849406988017584
2024-10-18 12:00:00,JENB,11.317931893161028
2024-10-18 13:00:00,JENB,13.90308641534715
2024-10-18 14:00:00,JENB,16.232892988855678
2024-10-18 15:00:00,JENB,17.9602533416002
2024-10-18 16:00:00,JENB,19.19313123729397
2024-10-18 17:00:00,JENB,19.884584879391888
2024-10-18 18:00:00,JENB,20.410520943368223
2024-10-18 19:00:00,JENB,20.6819696027971
2024-10-18 20:00:00,JENB,20.795347374708754
2024-10-18 21:00:00,JENB,20.8262950010841
2024-10-18 22:00:00,JENB,20.84358623847636
2024-10-18 23:00:00,JENB,20.84742481200692
2024-10-19 00:00:00,JENB,20.85176366760553
2024-10-19 01:00:00,JENB,17.3779804462399
2024-10-19 02:00:00,JENB,13.905065557335009
2024-10-19 03:00:00,JENB,10.43622002391726
2024-10-19 04:00:00,JENB,7.000039553635613
2024-10-19 05:00:00,JENB,3.5865557193006987
2024-10-19 06:00:00,JENB,0.2185420637211231
2024-10-19 07:00:00,JENB,0.3277862177565515
2024-10-19 08:00:00,JENB,0.4370203398661433
2024-10-19 09:00:00,JENB,0.5421851064885904
2024-10-19 10:00:00,JENB,0.615533692463024
2024-10-19 11:00:00,JENB,0.665602874304169
2024-10-19 12:00:00,JENB,0.6673309964946341
2024-10-19 13:00:00,JENB,0.6695003930927461
2024-10-19 14:00:00,JENB,0.6709482714587539
2024-10-19 15:00:00,JENB,0.6765762565001506
2024-10-19 16:00:00,JENB,0.6955949334683519
2024-10-19 17:00:00,JENB,0.7395061666956209
2024-10-19 18:00:00,JENB,0.807982616406639
2024-10-19 19:00:00,JENB,0.936651106735366
2024-10-19 20:00:00,JENB,1.0984664747005064
2024-10-19 21:00:00,JENB,1.2852544321950925
2024-10-19 22:00:00,JENB,1.479836655058114
2024-10-19 23:00:00,JENB,1.6593042461488618
2024-10-20 00:00:00,JENB,1.8162429004348764
2024-10-20 01:00:00,JENB,1.5760733909882885
2024-10-20 02:00:00,JENB,1.3039987624886578
2024-10-20 03:00:00,JENB,1.0034073378728463
2024-10-20 04:00:00,JENB,0.6807820734737094
2024-10-20 05:00:00,JENB,0.3483739182944823
2024-10-20 06:00:00,JENB,0.013913510562061
2024-10-20 07:00:00,JENB,0.0159531278877023
2024-10-20 08:00:00,JENB,0.0166385254871602
2024-10-20 09:00:00,JENB,0.0175286674892124
2024-10-20 10:00:00,JENB,0.0206873356137883
2024-10-20 11:00:00,JENB,0.0240246350642647
2024-10-20 12:00:00,JENB,0.0274269290177038
2024-10-20 13:00:00,JENB,0.0308040466203269
2024-10-20 14:00:00,JENB,0.0341568430629622
2024-10-20 15:00:00,JENB,0.0367339895173118
2024-10-20 16:00:00,JENB,0.0370426098491377
2024-10-20 17:00:00,JENB,0.037172598855063
2024-10-20 18:00:00,JENB,0.0372375933580256
2024-10-20 19:00:00,JENB,0.0373025878609882
2024-10-20 20:00:00,JENB,0.0373675823639513
2024-10-20 21:00:00,JENB,0.0382196488285873
2024-10-20 22:00:00,JENB,0.0390822057961736
2024-10-20 23:00:00,JENB,0.0399447627637598
2024-10-21 00:00:00,JENB,0.0408073197313461
2024-10-21 01:00:00,JENB,0.0345793893373542
2024-10-21 02:00:00,JENB,0.0283514589433623
2024-10-21 03:00:00,JENB,0.021271462084734
2024-10-21 04:00:00,JENB,0.0141809747231558
2024-10-21 05:00:00,JENB,0.0070904873615777
2024-10-21 06:00:00,JENB,0.0
2024-10-21 07:00:00,JENB,0.0
2024-10-21 08:00:00,JENB,0.0
2024-10-21 09:00:00,JENB,0.0
2024-10-21 10:00:00,JENB,0.0
2024-10-21 11:00:00,JENB,0.0
2024-10-21 12:00:00,JENB,0.0
2024-10-21 13:00:00,JENB,0.0008583068620278
2024-10-21 14:00:00,JENB,0.001716613724056
2024-10-21 15:00:00,JENB,0.0025749205860843
2024-10-21 16:00:00,JENB,0.0034332274481125
2024-10-21 17:00:00,JENB,0.0042915343101408
2024-10-21 18:00:00,JENB,0.0051498411721695
2024-10-21 19:00:00,JENB,0.0051498411721695
2024-10-21 20:00:00,JENB,0.0051498411721695
2024-10-21 21:00:00,JENB,0.0051498411721695
2024-10-21 22:00:00,JENB,0.0051498411721695
2024-10-21 23:00:00,JENB,0.0051498411721695
2024-10-22 00:00:00,JENB,0.0051498411721695
2024-10-22 01:00:00,JENB,0.0042915343101408
2024-10-22 02:00:00,JENB,0.0034332274481125
2024-10-22 03:00:00,JENB,0.0025749205860843
2024-10-22 04:00:00,JENB,0.001716613724056
2024-10-22 05:00:00,JENB,0.0009079940272359
2024-10-22 06:00:00,JENB,0.0036624139521593
2024-10-22 07:00:00,JENB,0.1853236653647439
2024-10-22 08:00:00,JENB,0.6294168637782991
2024-10-22 09:00:00,JENB,1.3444786587703934
2024-10-22 10:00:00,JENB,2.301957658745083
2024-10-22 11:00:00,JENB,3.306923415253761
2024-10-22 12:00:00,JENB,4.316042873961387
2024-10-22 13:00:00,JENB,5.170710843333511
2024-10-22 14:00:00,JENB,5.930883404771976
2024-10-22 15:00:00,JENB,6.50765919186596
2024-10-22 16:00:00,JENB,7.159334426754945
2024-10-22 17:00:00,JENB,7.921488030386415
2024-10-22 18:00:00,JENB,8.900861088359749
2024-10-22 19:00:00,JENB,9.932427274411705
2024-10-22 20:00:00,JENB,10.8630229079062
2024-10-22 21:00:00,JENB,11.782756199646933
2024-10-22 22:00:00,JENB,12.584069377838173
2024-10-22 23:00:00,JENB,13.423325341334214
2024-10-23 00:00:00,JENB,14.279334236188364
2024-10-23 01:00:00,JENB,12.495804692832124
2024-10-23 02:00:00,JENB,11.038249621372662
2024-10-23 03:00:00,JENB,10.078019412269416
2024-10-23 04:00:00,JENB,9.513620358484784
2024-10-23 05:00:00,JENB,10.272629708200643
2024-10-23 06:00:00,JENB,11.184922316007617
2024-10-23 07:00:00,JENB,15.213552782840448
2024-10-23 08:00:00,JENB,19.25553530918472
2024-10-23 09:00:00,JENB,23.08972827267385
2024-10-23 10:00:00,JENB,26.86790806603079
2024-10-23 11:00:00,JENB,29.46303868263928
2024-10-23 12:00:00,JENB,32.20393230510372
2024-10-23 13:00:00,JENB,34.8728981670205
2024-10-23 14:00:00,JENB,37.69810552928888
2024-10-23 15:00:00,JENB,40.69429612589092
2024-10-23 16:00:00,JENB,43.54684738907771
2024-10-23 17:00:00,JENB,46.34613349595816
2024-10-23 18:00:00,JENB,48.80039040456552
2024-10-23 19:00:00,JENB,51.13071417141862
2024-10-23 20:00:00,JENB,53.135289269607526
2024-10-23 21:00:00,JENB,54.97003030935092
2024-10-23 22:00:00,JENB,56.695234493214514
2024-10-23 23:00:00,JENB,58.53394586685744
2024-10-24 00:00:00,JENB,60.50586600779421
2024-10-24 01:00:00,JENB,51.32494996675111
2024-10-24 02:00:00,JENB,41.96606181916368
2024-10-24 03:00:00,JENB,32.24884581453943
2024-10-24 04:00:00,JENB,22.249586706413137
2024-10-24 05:00:00,JENB,11.854625557083972
2024-10-24 06:00:00,JENB,1.1307940016915925
2024-10-24 07:00:00,JENB,1.2031330023678888
2024-10-24 08:00:00,JENB,1.21672337517719
2024-10-24 09:00:00,JENB,1.2213776381597286
2024-10-24 10:00:00,JENB,1.223254055687413
2024-10-24 11:00:00,JENB,1.2386159808415316
2024-10-24 12:00:00,JENB,1.2692353442128983
2024-10-24 13:00:00,JENB,1.3069793378371486
2024-10-24 14:00:00,JENB,1.3456054657661625
2024-10-24 15:00:00,JENB,1.384939174921351
2024-10-24 16:00:00,JENB,1.4235554979139642
2024-10-24 17:00:00,JENB,1.4478294965114964
2024-10-24 18:00:00,JENB,1.456801502466513
2024-10-24 19:00:00,JENB,1.4586103330119236
2024-10-24 20:00:00,JENB,1.459472414058416
2024-10-24 21:00:00,JENB,1.4594969248728082
2024-10-24 22:00:00,JENB,1.4595704573159842
2024-10-24 23:00:00,JENB,1.460552643524792
2024-10-25 00:00:00,JENB,1.4615994449277536
2024-10-25 01:00:00,JENB,1.2183377020417565
2024-10-25 02:00:00,JENB,0.9750759591557588
2024-10-25 03:00:00,JENB,0.7318638086077673
2024-10-25 04:00:00,JENB,0.4887253993634542
2024-10-25 05:00:00,JENB,0.2446783363535092
2024-10-25 06:00:00,JENB,0.0005666581494104
2024-10-25 07:00:00,JENB,0.0007390134198785
2024-10-25 08:00:00,JENB,0.0012799751184117
2024-10-25 09:00:00,JENB,0.0018215075261667
2024-10-25 10:00:00,JENB,0.0022402770014596
2024-10-25 11:00:00,JENB,0.0026590464767524
2024-10-25 12:00:00,JENB,0.0030778159520452
2024-10-25 13:00:00,JENB,0.0034965854273381
2024-10-25 14:00:00,JENB,0.0035467484745659
2024-10-25 15:00:00,JENB,0.0035467484745659
2024-10-25 16:00:00,JENB,0.0043990948435915
2024-10-25 17:00:00,JENB,0.0052514412126171
2024-10-25 18:00:00,JENB,0.0061037875816426
2024-10-25 19:00:00,JENB,0.0069561339506682
2024-10-25 20:00:00,JENB,0.0078084803196937
2024-10-25 21:00:00,JENB,0.0086608266887193
2024-10-25 22:00:00,JENB,0.0095390894217214
2024-10-25 23:00:00,JENB,0.0104203325688612
2024-10-26 00:00:00,JENB,0.0113051363877585
2024-10-26 01:00:00,JENB,0.0098616652729719
2024-10-26 02:00:00,JENB,0.0084181941581854
2024-10-26 03:00:00,JENB,0.0069747230433988
2024-10-26 04:00:00,JENB,0.0046529891956101
2024-10-26 05:00:00,JENB,0.0026975468981729
2024-10-26 06:00:00,JENB,0.0007385439289781
2024-10-26 07:00:00,JENB,0.0011721448600058
2024-10-26 08:00:00,JENB,0.0016210531287879
2024-10-26 09:00:00,JENB,0.0020846031989005
2024-10-26 10:00:00,JENB,0.0026140029628043
2024-10-26 11:00:00,JENB,0.0029687349622981
2024-10-26 12:00:00,JENB,0.0041388963819365
2024-10-26 13:00:00,JENB,0.006864679732676
2024-10-26 14:00:00,JENB,0.0104160305862257
2024-10-26 15:00:00,JENB,0.0147369119203126
2024-10-26 16:00:00,JENB,0.019300943201243
2024-10-26 17:00:00,JENB,0.0237999799792107
2024-10-26 18:00:00,JENB,0.0279823724254285
2024-10-26 19:00:00,JENB,0.0306098084769693
2024-10-26 20:00:00,JENB,0.032459653809251
2024-10-26 21:00:00,JENB,0.0335907006714365
2024-10-26 22:00:00,JENB,0.0344777423959501
2024-10-26 23:00:00,JENB,0.0354788002522103
2024-10-27 00:00:00,JENB,0.0360473985958867
2024-10-27 01:00:00,JENB,0.0303103843982918
2024-10-27 02:00:00,JENB,0.0245598922151042
2024-10-27 03:00:00,JENB,0.0187767614126365
2024-10-27 04:00:00,JENB,0.0133468853667641
2024-10-27 05:00:00,JENB,0.0076733834920284
2024-10-27 06:00:00,JENB,0.0019580668558738
2024-10-27 07:00:00,JENB,0.002484033794452
2024-10-27 08:00:00,JENB,0.0029601945973172
2024-10-27 09:00:00,JENB,0.0034036202076912
2024-10-27 10:00:00,JENB,0.0034287965585073
2024-10-27 11:00:00,JENB,0.0034539729093234
2024-10-27 12:00:00,JENB,0.0037761162970541
2024-10-27 13:00:00,JENB,0.0074127866502221
2024-10-27 14:00:00,JENB,0.0110494570033901
2024-10-27 15:00:00,JENB,0.0146861273565581
2024-10-27 16:00:00,JENB,0.0183227977097261
2024-10-27 17:00:00,JENB,0.0219594680628941
2024-10-27 18:00:00,JENB,0.0252673203845296
2024-10-27 19:00:00,JENB,0.0443768921614338
2024-10-27 20:00:00,JENB,0.0651057652950045
2024-10-27 21:00:00,JENB,0.0858346384285752
2024-10-27 22:00:00,JENB,0.106563511562146
2024-10-27 23:00:00,JENB,0.1272923846957167
2024-10-28 00:00:00,JENB,0.1480315233091688
2024-10-28 01:00:00,JENB,0.1247095081048055
2024-10-28 02:00:00,JENB,0.0997681915437755
2024-10-28 03:00:00,JENB,0.0748268749827455
2024-10-28 04:00:00,JENB,0.0498855584217155
2024-10-28 05:00:00,JENB,0.0249442418606855
2024-10-28 06:00:00,JENB,0.0
2024-10-28 07:00:00,JENB,0.0
2024-10-28 08:00:00,JENB,0.0
2024-10-28 09:00:00,JENB,0.0
2024-10-28 10:00:00,JENB,0.0
2024-10-28 11:00:00,JENB,0.009957519272463
2024-10-28 12:00:00,JENB,0.0323073536456694
2024-10-28 13:00:00,JENB,0.0631346753032884
2024-10-28 14:00:00,JENB,0.0979411344004832
2024-10-28 15:00:00,JENB,0.1379168333444158
2024-10-28 16:00:00,JENB,0.1785929938127067
2024-10-28 17:00:00,JENB,0.209753408841116
2024-10-28 18:00:00,JENB,0.2285865032717446
2024-10-28 19:00:00,JENB,0.2389421104179604
2024-10-28 20:00:00,JENB,0.2453185801246006
2024-10-28 21:00:00,JENB,0.2465258099845029
2024-10-28 22:00:00,JENB,0.247032578320047
2024-10-28 23:00:00,JENB,0.2470975728230096
2024-10-29 00:00:00,JENB,0.2470975728230096
2024-10-29 01:00:00,JENB,0.2059146440191747
2024-10-29 02:00:00,JENB,0.1647317152153397
2024-10-29 03:00:00,JENB,0.1235487864115048
2024-10-29 04:00:00,JENB,0.0823658576076698
2024-10-29 05:00:00,JENB,0.0411829288038349
2024-10-29 06:00:00,JENB,0.0
2024-10-29 07:00:00,JENB,0.0
2024-10-29 08:00:00,JENB,0.0
2024-10-29 09:00:00,JENB,0.0
2024-10-29 10:00:00,JENB,0.0
2024-10-29 11:00:00,JENB,0.0
2024-10-29 12:00:00,JENB,0.0
2024-10-29 13:00:00,JENB,0.0
2024-10-29 14:00:00,JENB,0.0
2024-10-29 15:00:00,JENB,0.0
2024-10-29 16:00:00,JENB,0.0
2024-10-29 17:00:00,JENB,0.0
2024-10-29 18:00:00,JENB,0.0
2024-10-29 19:00:00,JENB,0.0
2024-10-29 20:00:00,JENB,0.0
2024-10-29 21:00:00,JENB,0.0
2024-10-29 22:00:00,JENB,0.0
2024-10-29 23:00:00,JENB,0.0
2024-10-30 00:00:00,JENB,0.0003330744040362
2024-10-30 01:00:00,JENB,0.0006558688088348
2024-10-30 02:00:00,JENB,0.0013014576184322
2024-10-30 03:00:00,JENB,0.0019462202759134
2024-10-30 04:00:00,JENB,0.0072904198853727
2024-10-30 05:00:00,JENB,0.0376742384927653
2024-10-30 06:00:00,JENB,0.0962710776596141
2024-10-30 07:00:00,JENB,0.154943191328663
2024-10-30 08:00:00,JENB,0.2132925105929134
2024-10-30 09:00:00,JENB,0.2716426560092798
2024-10-30 10:00:00,JENB,0.3252925092828398
2024-10-30 11:00:00,JENB,0.3538976108185258
2024-10-30 12:00:00,JENB,0.3539566173907192
2024-10-30 13:00:00,JENB,0.3539506294599501
2024-10-30 14:00:00,JENB,0.353944641529181
2024-10-30 15:00:00,JENB,0.3539386535984118
2024-10-30 16:00:00,JENB,0.3539335208584711
2024-10-30 17:00:00,JENB,0.3539335208584711
2024-10-30 18:00:00,JENB,0.3539480427108563
2024-10-30 19:00:00,JENB,0.3539625645632414
2024-10-30 20:00:00,JENB,0.3544712266095522
2024-10-30 21:00:00,JENB,0.354979888655863
2024-10-30 22:00:00,JENB,0.3554885507021738
2024-10-30 23:00:00,JENB,0.356843677778925
2024-10-31 00:00:00,JENB,0.3586549669377984
2024-10-31 01:00:00,JENB,0.3006105780948148
2024-10-31 02:00:00,JENB,0.2432339070444339
2024-10-31 03:00:00,JENB,0.1858607716299472
2024-10-31 04:00:00,JENB,0.1284876362154604
2024-10-31 05:00:00,JENB,0.0702624852259975
2024-10-31 06:00:00,JENB,0.0115666503020273
2024-10-31 07:00:00,JENB,0.0127264933799142
2024-10-31 08:00:00,JENB,0.0127244784712726
2024-10-31 09:00:00,JENB,0.0127073313740073
2024-10-31 10:00:00,JENB,0.0126901842767421
2024-10-31 11:00:00,JENB,0.0126785877240125
2024-10-31 12:00:00,JENB,0.0126669911712829
2024-10-31 13:00:00,JENB,0.0126553946185533
2024-10-31 14:00:00,JENB,0.0126437980658237
2024-10-31 15:00:00,JENB,0.0126437980658237
2024-10-31 16:00:00,JENB,0.0126437980658237
2024-10-31 17:00:00,JENB,0.0126437980658237
2024-10-31 18:00:00,JENB,0.0126437980658237
2024-10-31 19:00:00,JENB,0.0126437980658237
2024-10-31 20:00:00,JENB,0.0126437980658237
2024-10-31 21:00:00,JENB,0.0126437980658237
2024-10-31 22:00:00,JENB,0.0126437980658237
2024-10-31 23:00:00,JENB,0.0126437980658237
2024-11-01 00:00:00,JENB,0.0126437980658237
2024-11-01 01:00:00,JENB,0.0105364983881864
2024-11-01 02:00:00,JENB,0.0084291987105491
2024-11-01 03:00:00,JENB,0.0063218990329118
2024-11-01 04:00:00,JENB,0.0042145993552745
2024-11-01 05:00:00,JENB,0.0021072996776372
2024-11-01 06:00:00,JENB,0.0
2024-11-01 07:00:00,JENB,0.0
2024-11-01 08:00:00,JENB,0.0
2024-11-01 09:00:00,JENB,0.0
2024-11-01 10:00:00,JENB,0.0
2024-11-01 11:00:00,JENB,0.0
2024-11-01 12:00:00,JENB,0.0
2024-11-01 13:00:00,JENB,0.0
2024-11-01 14:00:00,JENB,0.0
2024-11-01 15:00:00,JENB,0.0
2024-11-01 16:00:00,JENB,0.0
2024-11-01 17:00:00,JENB,0.0
2024-11-01 18:00:00,JENB,0.0
2024-11-01 19:00:00,JENB,0.0008523463179699
2024-11-01 20:00:00,JENB,0.0017046926359398
2024-11-01 21:00:00,JENB,0.0025570389539097
2024-11-01 22:00:00,JENB,0.0034093852718797
2024-11-01 23:00:00,JENB,0.0042617315898496
2024-11-02 00:00:00,JENB,0.0051140779078195
2024-11-02 01:00:00,JENB,0.0042617315898496
2024-11-02 02:00:00,JENB,0.0034093852718797
2024-11-02 03:00:00,JENB,0.0025570389539097
2024-11-02 04:00:00,JENB,0.0017046926359398
2024-11-02 05:00:00,JENB,0.0008523463179699
2024-11-02 06:00:00,JENB,0.0
2024-11-02 07:00:00,JENB,0.0011607885992503
2024-11-02 08:00:00,JENB,0.0023215771985007
2024-11-02 09:00:00,JENB,0.003482365797751
2024-11-02 10:00:00,JENB,0.0046431543970014
2024-11-02 11:00:00,JENB,0.0058039429962518
2024-11-02 12:00:00,JENB,0.0069647315955021
2024-11-02 13:00:00,JENB,0.0069647315955021
2024-11-02 14:00:00,JENB,0.0069647315955021
2024-11-02 15:00:00,JENB,0.0069647315955021
2024-11-02 16:00:00,JENB,0.0069647315955021
2024-11-02 17:00:00,JENB,0.007830268693009
2024-11-02 18:00:00,JENB,0.0086958057905159
2024-11-02 19:00:00,JENB,0.0095570927386705
2024-11-02 20:00:00,JENB,0.0104183796868251
2024-11-02 21:00:00,JENB,0.0112796666349798
2024-11-02 22:00:00,JENB,0.0121409535831344
2024-11-02 23:00:00,JENB,0.0121367034337822
2024-11-03 00:00:00,JENB,0.0121324532844299
2024-11-03 01:00:00,JENB,0.0101103777370249
2024-11-03 02:00:00,JENB,0.0109935713826301
2024-11-03 03:00:00,JENB,0.0118800627231195
2024-11-03 04:00:00,JENB,0.0127665540636088
2024-11-03 05:00:00,JENB,0.0136530454040982
2024-11-03 06:00:00,JENB,0.0145395367445876
2024-11-03 07:00:00,JENB,0.0216030331822972
2024-11-03 08:00:00,JENB,0.0266208677668513
2024-11-03 09:00:00,JENB,0.0324894036992686
2024-11-03 10:00:00,JENB,0.03835860516811
2024-11-03 11:00:00,JENB,0.0442344020267198
2024-11-03 12:00:00,JENB,0.0501101988853297
2024-11-03 13:00:00,JENB,0.0518310661941243
2024-11-03 14:00:00,JENB,0.0526923261630643
2024-11-03 15:00:00,JENB,0.0526995870892568
2024-11-03 16:00:00,JENB,0.0527061824790253
2024-11-03 17:00:00,JENB,0.0527061824790253
2024-11-03 18:00:00,JENB,0.0527061824790253
2024-11-03 19:00:00,JENB,0.0535557038649882
2024-11-03 20:00:00,JENB,0.0544036709245058
2024-11-03 21:00:00,JENB,0.0552538384791021
2024-11-03 22:00:00,JENB,0.0561092588608832
2024-11-03 23:00:00,JENB,0.0569646792426642
2024-11-04 00:00:00,JENB,0.0578200996244453
2024-11-04 01:00:00,JENB,0.0481862144919782
2024-11-04 02:00:00,JENB,0.0385538836859564
2024-11-04 03:00:00,JENB,0.0289193523848558
2024-11-04 04:00:00,JENB,0.0192795682565705
2024-11-04 05:00:00,JENB,0.0096397841282852
2024-11-04 06:00:00,JENB,0.0
2024-11-04 07:00:00,JENB,0.0
2024-11-04 08:00:00,JENB,0.0
2024-11-04 09:00:00,JENB,0.0
2024-11-04 10:00:00,JENB,0.0
2024-11-04 11:00:00,JENB,0.0
2024-11-04 12:00:00,JENB,0.0
2024-11-04 13:00:00,JENB,0.0
2024-11-04 14:00:00,JENB,0.0
2024-11-04 15:00:00,JENB,0.0
2024-11-04 16:00:00,JENB,0.0
2024-11-04 17:00:00,JENB,0.0
2024-11-04 18:00:00,JENB,0.0
2024-11-04 19:00:00,JENB,0.0
2024-11-04 20:00:00,JENB,0.0
2024-11-04 21:00:00,JENB,0.0
2024-11-04 22:00:00,JENB,0.0
2024-11-04 23:00:00,JENB,0.0
2024-11-05 00:00:00,JENB,0.0
2024-11-05 01:00:00,JENB,0.0
2024-11-05 02:00:00,JENB,0.0
2024-11-05 03:00:00,JENB,0.0
2024-11-05 04:00:00,JENB,0.0
2024-11-05 05:00:00,JENB,0.0
2024-11-05 06:00:00,JENB,0.0
2024-11-05 07:00:00,JENB,0.0
2024-11-05 08:00:00,JENB,0.0
2024-11-05 09:00:00,JENB,0.0
2024-11-05 10:00:00,JENB,0.0
2024-11-05 11:00:00,JENB,0.0
2024-11-05 12:00:00,JENB,0.0
2024-11-05 13:00:00,JENB,0.0
2024-11-05 14:00:00,JENB,0.0
2024-11-05 15:00:00,JENB,0.0
2024-11-05 16:00:00,JENB,0.0
2024-11-05 17:00:00,JENB,0.0
2024-11-05 18:00:00,JENB,0.0
2024-11-05 19:00:00,JENB,0.0
2024-11-05 20:00:00,JENB,0.0008523463179699
2024-11-05 21:00:00,JENB,0.0017046926359398
2024-11-05 22:00:00,JENB,0.0025570389539097
2024-11-05 23:00:00,JENB,0.0034093852718797
2024-11-06 00:00:00,JENB,0.0042617315898496
2024-11-06 01:00:00,JENB,0.0042617315898496
2024-11-06 02:00:00,JENB,0.0034093852718797
2024-11-06 03:00:00,JENB,0.0025570389539097
2024-11-06 04:00:00,JENB,0.0017046926359398
2024-11-06 05:00:00,JENB,0.0008523463179699
2024-11-06 06:00:00,JENB,0.0
2024-11-06 07:00:00,JENB,0.0004351138045421
2024-11-06 08:00:00,JENB,0.0012964008533344
2024-11-06 09:00:00,JENB,0.0021576879589702
2024-11-06 10:00:00,JENB,0.0030189750646059
2024-11-06 11:00:00,JENB,0.0038802621702416
2024-11-06 12:00:00,JENB,0.0047415492758773
2024-11-06 13:00:00,JENB,0.0051677225769708
2024-11-06 14:00:00,JENB,0.0051677226338142
2024-11-06 15:00:00,JENB,0.0051677226338142
2024-11-06 16:00:00,JENB,0.0051677226338142
2024-11-06 17:00:00,JENB,0.0051677226338142
2024-11-06 18:00:00,JENB,0.0051677226338142
2024-11-06 19:00:00,JENB,0.0051684148161257
2024-11-06 20:00:00,JENB,0.0051691069984372
2024-11-06 21:00:00,JENB,0.0051697991807486
2024-11-06 22:00:00,JENB,0.0051704913630601
2024-11-06 23:00:00,JENB,0.0060323374668769
2024-11-07 00:00:00,JENB,0.00689225817041
2024-11-07 01:00:00,JENB,0.0060302788824628
2024-11-07 02:00:00,JENB,0.0051682995945157
2024-11-07 03:00:00,JENB,0.0043063203065685
2024-11-07 04:00:00,JENB,0.0034443410186213
2024-11-07 05:00:00,JENB,0.0017212078091688
2024-11-07 06:00:00,JENB,0.0
2024-11-07 07:00:00,JENB,0.0
2024-11-07 08:00:00,JENB,0.0
2024-11-07 09:00:00,JENB,0.0005803942996251
2024-11-07 10:00:00,JENB,0.0011607885992503
2024-11-07 11:00:00,JENB,0.0017411828988755
2024-11-07 12:00:00,JENB,0.0023215771985007
2024-11-07 13:00:00,JENB,0.0029019714981259
2024-11-07 14:00:00,JENB,0.003482365797751
2024-11-07 15:00:00,JENB,0.003482365797751
2024-11-07 16:00:00,JENB,0.003482365797751
2024-11-07 17:00:00,JENB,0.003482365797751
2024-11-07 18:00:00,JENB,0.003482365797751
2024-11-07 19:00:00,JENB,0.003482365797751
2024-11-07 20:00:00,JENB,0.003482365797751
2024-11-07 21:00:00,JENB,0.0043347121660398
2024-11-07 22:00:00,JENB,0.0051870585408532
2024-11-07 23:00:00,JENB,0.0060394049156665
2024-11-08 00:00:00,JENB,0.0068917512904799
2024-11-08 01:00:00,JENB,0.0063113569908547
2024-11-08 02:00:00,JENB,0.0057309626912295
2024-11-08 03:00:00,JENB,0.0042982220233155
2024-11-08 04:00:00,JENB,0.002865481348877
2024-11-08 05:00:00,JENB,0.0014327406744385
2024-11-08 06:00:00,JENB,0.0
2024-11-08 07:00:00,JENB,0.0
2024-11-08 08:00:00,JENB,0.0008597968985668
2024-11-08 09:00:00,JENB,0.0017195937971337
2024-11-08 10:00:00,JENB,0.0025793906957005
2024-11-08 11:00:00,JENB,0.0034317370136704
2024-11-08 12:00:00,JENB,0.0042840833316404
2024-11-08 13:00:00,JENB,0.0051364296496103
2024-11-08 14:00:00,JENB,0.0051289790690134
2024-11-08 15:00:00,JENB,0.0051215284884165
2024-11-08 16:00:00,JENB,0.0051140779078195
2024-11-08 17:00:00,JENB,0.0051140779078195
2024-11-08 18:00:00,JENB,0.0051140779078195
2024-11-08 19:00:00,JENB,0.0051140779078195
2024-11-08 20:00:00,JENB,0.0051140779078195
2024-11-08 21:00:00,JENB,0.0051140779078195
2024-11-08 22:00:00,JENB,0.0051140779078195
2024-11-08 23:00:00,JENB,0.0051140779078195
2024-11-09 00:00:00,JENB,0.0051140779078195
2024-11-09 01:00:00,JENB,0.0042617315898496
2024-11-09 02:00:00,JENB,0.0034093852718797
2024-11-09 03:00:00,JENB,0.0025570389539097
2024-11-09 04:00:00,JENB,0.0017046926359398
2024-11-09 05:00:00,JENB,0.0008523463179699
2024-11-09 06:00:00,JENB,0.0
2024-11-09 07:00:00,JENB,8.984741725498163e-05
2024-11-09 08:00:00,JENB,0.0002023230729297
2024-11-09 09:00:00,JENB,0.0004339297485203
2024-11-09 10:00:00,JENB,0.0006655364241109
2024-11-09 11:00:00,JENB,0.0008971430997015
2024-11-09 12:00:00,JENB,0.0011287497752922
2024-11-09 13:00:00,JENB,0.0012705090336278
2024-11-09 14:00:00,JENB,0.0013896400535437
2024-11-09 15:00:00,JENB,0.0013896400535437
2024-11-09 16:00:00,JENB,0.0013896400535437
2024-11-09 17:00:00,JENB,0.0013896400535437
2024-11-09 18:00:00,JENB,0.0013896400535437
2024-11-09 19:00:00,JENB,0.0013896400535437
2024-11-09 20:00:00,JENB,0.0013896400535437
2024-11-09 21:00:00,JENB,0.0013896400535437
2024-11-09 22:00:00,JENB,0.0013896400535437
2024-11-09 23:00:00,JENB,0.0013896400535437
2024-11-10 00:00:00,JENB,0.0013896400535437
2024-11-10 01:00:00,JENB,0.001158033377953
2024-11-10 02:00:00,JENB,0.0009264267023624
2024-11-10 03:00:00,JENB,0.0006948200267718
2024-11-10 04:00:00,JENB,0.0004632133511812
2024-11-10 05:00:00,JENB,0.0002316066755906
2024-11-10 06:00:00,JENB,0.0
2024-11-10 07:00:00,JENB,0.0
2024-11-10 08:00:00,JENB,0.0
2024-11-10 09:00:00,JENB,0.0
2024-11-10 10:00:00,JENB,0.0
2024-11-10 11:00:00,JENB,0.0
2024-11-10 12:00:00,JENB,0.0
2024-11-10 13:00:00,JENB,0.0
2024-11-10 14:00:00,JENB,0.0
2024-11-10 15:00:00,JENB,0.0
2024-11-10 16:00:00,JENB,0.0
2024-11-10 17:00:00,JENB,0.0
2024-11-10 18:00:00,JENB,0.0
2024-11-10 19:00:00,JENB,0.0008523463179699
2024-11-10 20:00:00,JENB,0.0017046926359398
2024-11-10 21:00:00,JENB,0.0025570389539097
2024-11-10 22:00:00,JENB,0.0034093852718797
2024-11-10 23:00:00,JENB,0.0042617315898496
2024-11-11 00:00:00,JENB,0.0051140779078195
2024-11-11 01:00:00,JENB,0.0042617315898496
2024-11-11 02:00:00,JENB,0.0034093852718797
2024-11-11 03:00:00,JENB,0.0025570389539097
2024-11-11 04:00:00,JENB,0.0017046926359398
2024-11-11 05:00:00,JENB,0.0011425434677825
2024-11-11 06:00:00,JENB,0.0011607885992503
2024-11-11 07:00:00,JENB,0.0026117743483133
2024-11-11 08:00:00,JENB,0.0040627600973762
2024-11-11 09:00:00,JENB,0.0055137458464392
2024-11-11 10:00:00,JENB,0.0069647315955021
2024-11-11 11:00:00,JENB,0.0081255201947525
2024-11-11 12:00:00,JENB,0.0087059144943777
2024-11-11 13:00:00,JENB,0.0087059144943777
2024-11-11 14:00:00,JENB,0.0087059144943777
2024-11-11 15:00:00,JENB,0.0087059144943777
2024-11-11 16:00:00,JENB,0.0087059144943777
2024-11-11 17:00:00,JENB,0.0087059144943777
2024-11-11 18:00:00,JENB,0.0159151733773533
2024-11-11 19:00:00,JENB,0.0246882270480368
2024-11-11 20:00:00,JENB,0.0367790049252059
2024-11-11 21:00:00,JENB,0.0571740879581664
2024-11-11 22:00:00,JENB,0.0913036533532816
2024-11-11 23:00:00,JENB,0.1385912994770676
2024-11-12 00:00:00,JENB,0.1848538508242031
2024-11-12 01:00:00,JENB,0.1757586796604954
2024-11-12 02:00:00,JENB,0.1643139510199415
2024-11-12 03:00:00,JENB,0.1459843232524071
2024-11-12 04:00:00,JENB,0.1157592324168634
2024-11-12 05:00:00,JENB,0.0762600660359549
2024-11-12 06:00:00,JENB,0.0390770826332848
2024-11-12 07:00:00,JENB,0.0803471398179415
2024-11-12 08:00:00,JENB,0.1302440459442758
2024-11-12 09:00:00,JENB,0.1821278808912581
2024-11-12 10:00:00,JENB,0.2330787036458028
2024-11-12 11:00:00,JENB,0.2807259155166665
2024-11-12 12:00:00,JENB,0.3212430882532088
2024-11-12 13:00:00,JENB,0.3405901093130791
2024-11-12 14:00:00,JENB,0.3503421147016324
2024-11-12 15:00:00,JENB,0.3566877852407268
2024-11-12 16:00:00,JENB,0.3621266515647099
2024-11-12 17:00:00,JENB,0.3669859207024714
2024-11-12 18:00:00,JENB,0.3704748818899909
2024-11-12 19:00:00,JENB,0.3704748818899909
2024-11-12 20:00:00,JENB,0.3705144542286017
2024-11-12 21:00:00,JENB,0.3709032170504413
2024-11-12 22:00:00,JENB,0.3713323493242954
2024-11-12 23:00:00,JENB,0.3718002568233565
2024-11-13 00:00:00,JENB,0.3723077366610284
2024-11-13 01:00:00,JENB,0.3106343394479158
2024-11-13 02:00:00,JENB,0.2490301938273721
2024-11-13 03:00:00,JENB,0.1874396041608654
2024-11-13 04:00:00,JENB,0.1286362517177613
2024-11-13 05:00:00,JENB,0.0722742437654386
2024-11-13 06:00:00,JENB,0.0168482263313338
2024-11-13 07:00:00,JENB,0.0239917364673636
2024-11-13 08:00:00,JENB,0.0311751913372328
2024-11-13 09:00:00,JENB,0.0380647789671765
2024-11-13 10:00:00,JENB,0.0421275570351067
2024-11-13 11:00:00,JENB,0.0437094182736449
2024-11-13 12:00:00,JENB,0.0443193867454672
2024-11-13 13:00:00,JENB,0.0445407046979395
2024-11-13 14:00:00,JENB,0.047833122470595
2024-11-13 15:00:00,JENB,0.0830386205570737
2024-11-13 16:00:00,JENB,0.2016915328459264
2024-11-13 17:00:00,JENB,0.4894678070937958
2024-11-13 18:00:00,JENB,0.9564884387008036
2024-11-13 19:00:00,JENB,1.905608714220352
2024-11-13 20:00:00,JENB,3.256683634383103
2024-11-13 21:00:00,JENB,4.931235467006062
2024-11-13 22:00:00,JENB,6.775007804316775
2024-11-13 23:00:00,JENB,8.560725369543142
2024-11-14 00:00:00,JENB,10.19444670156801
2024-11-14 01:00:00,JENB,9.250488517841095
2024-11-14 02:00:00,JENB,7.91691902200214
2024-11-14 03:00:00,JENB,6.244967907615146
2024-11-14 04:00:00,JENB,4.333592341237216
2024-11-14 05:00:00,JENB,2.315058616824162
2024-11-14 06:00:00,JENB,0.2706322338540461
2024-11-14 07:00:00,JENB,0.3252483553275234
2024-11-14 08:00:00,JENB,0.366976412874229
2024-11-14 09:00:00,JENB,0.3925708026812099
2024-11-14 10:00:00,JENB,0.4053811917444241
2024-11-14 11:00:00,JENB,0.4142824800409374
2024-11-14 12:00:00,JENB,0.4218246326467622
2024-11-14 13:00:00,JENB,0.4262632253969568
2024-11-14 14:00:00,JENB,0.4305203234167237
2024-11-14 15:00:00,JENB,0.4343909451026033
2024-11-14 16:00:00,JENB,0.4381741831280067
2024-11-14 17:00:00,JENB,0.4444361427931089
2024-11-14 18:00:00,JENB,0.4539836326601553
2024-11-14 19:00:00,JENB,0.4656653756340565
2024-11-14 20:00:00,JENB,0.4794798358197608
2024-11-14 21:00:00,JENB,0.5032593875560841
2024-11-14 22:00:00,JENB,0.5447487785794055
2024-11-14 23:00:00,JENB,0.5985567926228084
2024-11-15 00:00:00,JENB,0.6561594018925991
2024-11-15 01:00:00,JENB,0.5790344264783589
2024-11-15 02:00:00,JENB,0.5055120912232709
2024-11-15 03:00:00,JENB,0.4299431852600084
2024-11-15 04:00:00,JENB,0.3448470611491324
2024-11-15 05:00:00,JENB,0.2523779354718785
2024-11-15 06:00:00,JENB,0.1603327111860849
2024-11-15 07:00:00,JENB,0.2188688109685477
2024-11-15 08:00:00,JENB,0.2721529073323329
2024-11-15 09:00:00,JENB,0.3201871818940454
2024-11-15 10:00:00,JENB,0.3641505455043516
2024-11-15 11:00:00,JENB,0.401558183526585
2024-11-15 12:00:00,JENB,0.4314617947290259
2024-11-15 13:00:00,JENB,0.443018340691666
2024-11-15 14:00:00,JENB,0.4515978903428628
2024-11-15 15:00:00,JENB,0.4569516316039671
2024-11-15 16:00:00,JENB,0.4578215801821449
2024-11-15 17:00:00,JENB,0.4582566965818146
2024-11-15 18:00:00,JENB,0.4586918129814844
2024-11-15 19:00:00,JENB,0.4591269293811542
2024-11-15 20:00:00,JENB,0.4595620457808239
2024-11-15 21:00:00,JENB,0.4599971621804937
2024-11-15 22:00:00,JENB,0.4604322785801634
2024-11-15 23:00:00,JENB,0.4604322785801634
2024-11-16 00:00:00,JENB,0.4604322785801634
2024-11-16 01:00:00,JENB,0.3836935654834695
2024-11-16 02:00:00,JENB,0.3069548523867756
2024-11-16 03:00:00,JENB,0.2302161392900817
2024-11-16 04:00:00,JENB,0.1534774261933878
2024-11-16 05:00:00,JENB,0.0767387130966939
2024-11-16 06:00:00,JENB,0.0
2024-11-16 07:00:00,JENB,0.0
2024-11-16 08:00:00,JENB,0.0
2024-11-16 09:00:00,JENB,0.0
2024-11-16 10:00:00,JENB,0.0
2024-11-16 11:00:00,JENB,0.0
2024-11-16 12:00:00,JENB,0.0
2024-11-16 13:00:00,JENB,0.0
2024-11-16 14:00:00,JENB,0.0
2024-11-16 15:00:00,JENB,0.0
2024-11-16 16:00:00,JENB,0.0
2024-11-16 17:00:00,JENB,0.0
2024-11-16 18:00:00,JENB,0.0
2024-11-16 19:00:00,JENB,0.0008523463179699
2024-11-16 20:00:00,JENB,0.0017046926359398
2024-11-16 21:00:00,JENB,0.0025570389539097
2024-11-16 22:00:00,JENB,0.0034093852718797
2024-11-16 23:00:00,JENB,0.0042617315898496
2024-11-17 00:00:00,JENB,0.0051140779078195
2024-11-17 01:00:00,JENB,0.0042617315898496
2024-11-17 02:00:00,JENB,0.0034093852718797
2024-11-17 03:00:00,JENB,0.0025570389539097
2024-11-17 04:00:00,JENB,0.0017046926359398
2024-11-17 05:00:00,JENB,0.0008523463179699
2024-11-17 06:00:00,JENB,0.0
2024-11-17 07:00:00,JENB,0.0
2024-11-17 08:00:00,JENB,0.0
2024-11-17 09:00:00,JENB,0.0
2024-11-17 10:00:00,JENB,0.0
2024-11-17 11:00:00,JENB,0.0
2024-11-17 12:00:00,JENB,0.0
2024-11-17 13:00:00,JENB,0.0
2024-11-17 14:00:00,JENB,0.0
2024-11-17 15:00:00,JENB,0.0
2024-11-17 16:00:00,JENB,0.0
2024-11-17 17:00:00,JENB,0.0
2024-11-17 18:00:00,JENB,0.0008572117240865
2024-11-17 19:00:00,JENB,0.0127495300304553
2024-11-17 20:00:00,JENB,0.0615529449099996
2024-11-17 21:00:00,JENB,0.1649931802377635
2024-11-17 22:00:00,JENB,0.332631913596298
2024-11-17 23:00:00,JENB,0.5999702909670809
2024-11-18 00:00:00,JENB,1.0151972810604355
2024-11-18 01:00:00,JENB,1.1632215421516436
2024-11-18 02:00:00,JENB,1.451366414314573
2024-11-18 03:00:00,JENB,1.870419400521815
2024-11-18 04:00:00,JENB,2.3721624030253605
2024-11-18 05:00:00,JENB,2.939798782664884
2024-11-18 06:00:00,JENB,3.4989297953955667
2024-11-18 07:00:00,JENB,4.326066907797985
2024-11-18 08:00:00,JENB,4.976751674407924
2024-11-18 09:00:00,JENB,5.441922007167541
2024-11-18 10:00:00,JENB,5.76031863262751
2024-11-18 11:00:00,JENB,5.914283025538505
2024-11-18 12:00:00,JENB,5.928006960911681
2024-11-18 13:00:00,JENB,5.93075225591882
2024-11-18 14:00:00,JENB,5.933498583373168
2024-11-18 15:00:00,JENB,5.938332451224844
2024-11-18 16:00:00,JENB,5.947094970478887
2024-11-18 17:00:00,JENB,5.956430865630736
2024-11-18 18:00:00,JENB,5.966492750710271
2024-11-18 19:00:00,JENB,5.988618050986834
2024-11-18 20:00:00,JENB,6.016382171700228
2024-11-18 21:00:00,JENB,6.04321934189217
2024-11-18 22:00:00,JENB,6.066024647017109
2024-11-18 23:00:00,JENB,6.0870957876449925
2024-11-19 00:00:00,JENB,6.107440938345189
2024-11-19 01:00:00,JENB,5.09551665126149
2024-11-19 02:00:00,JENB,4.077373149441335
2024-11-19 03:00:00,JENB,3.058038557103094
2024-11-19 04:00:00,JENB,2.0386923714020626
2024-11-19 05:00:00,JENB,1.0193461857010313
2024-11-19 06:00:00,JENB,1.4252016468328268e-05
2024-11-19 07:00:00,JENB,0.0070527512115136
2024-11-19 08:00:00,JENB,0.0152815569962378
2024-11-19 09:00:00,JENB,0.0235349736605827
2024-11-19 10:00:00,JENB,0.0317960870423838
2024-11-19 11:00:00,JENB,0.0400639453776015
2024-11-19 12:00:00,JENB,0.0483175516963508
2024-11-19 13:00:00,JENB,0.0495524212903026
2024-11-19 14:00:00,JENB,0.0495969842945755
2024-11-19 15:00:00,JENB,0.0496169364192276
2024-11-19 16:00:00,JENB,0.0496291918264236
2024-11-19 17:00:00,JENB,0.0496773488567162
2024-11-19 18:00:00,JENB,0.0501867219756831
2024-11-19 19:00:00,JENB,0.0506974261674982
2024-11-19 20:00:00,JENB,0.0520749896980603
2024-11-19 21:00:00,JENB,0.0535478889517495
2024-11-19 22:00:00,JENB,0.0569000172508135
2024-11-19 23:00:00,JENB,0.0745664937043095
2024-11-20 00:00:00,JENB,0.146562455482703
2024-11-20 01:00:00,JENB,0.8116981605046064
2024-11-20 02:00:00,JENB,3.1712740004188107
2024-11-20 03:00:00,JENB,7.149200977586884
2024-11-20 04:00:00,JENB,14.454913994156907
2024-11-20 05:00:00,JENB,23.711773262412954
2024-11-20 06:00:00,JENB,33.83770834179314
2024-11-20 07:00:00,JENB,44.55752552346342
2024-11-20 08:00:00,JENB,55.1821500149036
2024-11-20 09:00:00,JENB,65.75401785506001
2024-11-20 10:00:00,JENB,73.9753444881453
2024-11-20 11:00:00,JENB,80.50665304389025
2024-11-20 12:00:00,JENB,86.18829048884436
2024-11-20 13:00:00,JENB,90.7166561778768
2024-11-20 14:00:00,JENB,93.75241662112444
2024-11-20 15:00:00,JENB,95.30812542020394
2024-11-20 16:00:00,JENB,95.92922892527902
2024-11-20 17:00:00,JENB,96.2905907999412
2024-11-20 18:00:00,JENB,96.58826350330192
2024-11-20 19:00:00,JENB,96.85219637934064
2024-11-20 20:00:00,JENB,97.00927709914708
2024-11-20 21:00:00,JENB,97.0837718219734
2024-11-20 22:00:00,JENB,97.12059643623353
2024-11-20 23:00:00,JENB,97.14668609442636
2024-11-21 00:00:00,JENB,97.16645606402008
2024-11-21 01:00:00,JENB,80.98299444478197
2024-11-21 02:00:00,JENB,64.80167229381716
2024-11-21 03:00:00,JENB,48.6222453029936
2024-11-21 04:00:00,JENB,32.44259330521327
2024-11-21 05:00:00,JENB,16.258899341652228
2024-11-21 06:00:00,JENB,0.0716129415541661
2024-11-21 07:00:00,JENB,0.0906476132229991
2024-11-21 08:00:00,JENB,0.1086830521412721
2024-11-21 09:00:00,JENB,0.1223513621275444
2024-11-21 10:00:00,JENB,0.1298221949302685
2024-11-21 11:00:00,JENB,0.136341804352204
2024-11-21 12:00:00,JENB,0.1430100699050549
2024-11-21 13:00:00,JENB,0.1550921376160927
2024-11-21 14:00:00,JENB,0.2194846039318826
2024-11-21 15:00:00,JENB,0.4546146820768928
2024-11-21 16:00:00,JENB,1.0139049562258255
2024-11-21 17:00:00,JENB,1.9835304431878915
2024-11-21 18:00:00,JENB,3.424554859140989
2024-11-21 19:00:00,JENB,5.506332171329948
2024-11-21 20:00:00,JENB,8.226592399570096
2024-11-21 21:00:00,JENB,11.132087466437536
2024-11-21 22:00:00,JENB,14.079061251459358
2024-11-21 23:00:00,JENB,16.964423045347516
2024-11-22 00:00:00,JENB,19.78806135889251
2024-11-22 01:00:00,JENB,18.07383671997693
2024-11-22 02:00:00,JENB,16.187981212520693
2024-11-22 03:00:00,JENB,14.65041698896196
2024-11-22 04:00:00,JENB,13.474554249590769
2024-11-22 05:00:00,JENB,12.641961051140722
2024-11-22 06:00:00,JENB,11.85203399416271
2024-11-22 07:00:00,JENB,15.01853660347872
2024-11-22 08:00:00,JENB,17.70828128367153
2024-11-22 09:00:00,JENB,19.790239707661296
2024-11-22 10:00:00,JENB,21.199055497057685
2024-11-22 11:00:00,JENB,21.937848649990464
2024-11-22 12:00:00,JENB,22.22988825570494
2024-11-22 13:00:00,JENB,22.455193614287516
2024-11-22 14:00:00,JENB,22.66839310545341
2024-11-22 15:00:00,JENB,23.039543456871986
2024-11-22 16:00:00,JENB,23.533476851401527
2024-11-22 17:00:00,JENB,24.1420475657266
2024-11-22 18:00:00,JENB,24.771989473034814
2024-11-22 19:00:00,JENB,25.596153624856424
2024-11-22 20:00:00,JENB,26.73876938177034
2024-11-22 21:00:00,JENB,27.821714881078584
2024-11-22 22:00:00,JENB,28.830587362405332
2024-11-22 23:00:00,JENB,29.77360681488396
2024-11-23 00:00:00,JENB,30.740447487691632
2024-11-23 01:00:00,JENB,26.24079193022425
2024-11-23 02:00:00,JENB,21.628481561681077
2024-11-23 03:00:00,JENB,17.119914196824062
2024-11-23 04:00:00,JENB,12.753644893681049
2024-11-23 05:00:00,JENB,8.445463067503521
2024-11-23 06:00:00,JENB,4.127976497359397
2024-11-23 07:00:00,JENB,5.121830900811951
2024-11-23 08:00:00,JENB,5.88742810054648
2024-11-23 09:00:00,JENB,6.354431887950894
2024-11-23 10:00:00,JENB,6.575803650094027
2024-11-23 11:00:00,JENB,6.668318124752357
2024-11-23 12:00:00,JENB,6.718620721113068
2024-11-23 13:00:00,JENB,6.728750577791532
2024-11-23 14:00:00,JENB,6.729245057089504
2024-11-23 15:00:00,JENB,6.729251652479272
2024-11-23 16:00:00,JENB,6.729256916796192
2024-11-23 17:00:00,JENB,6.729691294670545
2024-11-23 18:00:00,JENB,6.730119077155129
2024-11-23 19:00:00,JENB,6.730549521785409
2024-11-23 20:00:00,JENB,6.73097996641569
2024-11-23 21:00:00,JENB,6.73141041104597
2024-11-23 22:00:00,JENB,6.731842186749099
2024-11-23 23:00:00,JENB,6.731844848894795
2024-11-24 00:00:00,JENB,6.731847511040492
2024-11-24 01:00:00,JENB,5.6098729258670765
2024-11-24 02:00:00,JENB,4.487898340693661
2024-11-24 03:00:00,JENB,3.365923755520246
2024-11-24 04:00:00,JENB,2.2439491703468306
2024-11-24 05:00:00,JENB,1.1219745851734153
2024-11-24 06:00:00,JENB,0.0
2024-11-24 07:00:00,JENB,0.1057923918730596
2024-11-24 08:00:00,JENB,0.2115911493907271
2024-11-24 09:00:00,JENB,0.3173899069083946
2024-11-24 10:00:00,JENB,0.4231886644260622
2024-11-24 11:00:00,JENB,0.5289874219437296
2024-11-24 12:00:00,JENB,0.6347861794613971
2024-11-24 13:00:00,JENB,0.634792545106005
2024-11-24 14:00:00,JENB,0.6347927347604094
2024-11-24 15:00:00,JENB,0.63479786750035
2024-11-24 16:00:00,JENB,0.6348030002402907
2024-11-24 17:00:00,JENB,0.6348110582798869
2024-11-24 18:00:00,JENB,0.634817785246635
2024-11-24 19:00:00,JENB,0.634824512213383
2024-11-24 20:00:00,JENB,0.6348310495257267
2024-11-24 21:00:00,JENB,0.634832643752534
2024-11-24 22:00:00,JENB,0.6348342379793415
2024-11-24 23:00:00,JENB,0.6348329069064932
2024-11-25 00:00:00,JENB,0.6348329069064932
2024-11-25 01:00:00,JENB,0.5290337165097817
2024-11-25 02:00:00,JENB,0.4232424840418344
2024-11-25 03:00:00,JENB,0.3174512515738872
2024-11-25 04:00:00,JENB,0.21166001910594
2024-11-25 05:00:00,JENB,0.1058687866379928
2024-11-25 06:00:00,JENB,7.755417004566675e-05
2024-11-25 07:00:00,JENB,8.551209880996961e-05
2024-11-25 08:00:00,JENB,0.0009438189608382
2024-11-25 09:00:00,JENB,0.0018021258228664
2024-11-25 10:00:00,JENB,0.0026604326848947
2024-11-25 11:00:00,JENB,0.0035187395469229
2024-11-25 12:00:00,JENB,0.0043770464089512
2024-11-25 13:00:00,JENB,0.0052351636165751
2024-11-25 14:00:00,JENB,0.0052349739621708
2024-11-25 15:00:00,JENB,0.0052347843077664
2024-11-25 16:00:00,JENB,0.0052345946533621
2024-11-25 17:00:00,JENB,0.0052344049989577
2024-11-25 18:00:00,JENB,0.0052342153445534
2024-11-25 19:00:00,JENB,0.0052342153445534
2024-11-25 20:00:00,JENB,0.0052342153445534
2024-11-25 21:00:00,JENB,0.0052342153445534
2024-11-25 22:00:00,JENB,0.0052342153445534
2024-11-25 23:00:00,JENB,0.0052342153445534
2024-11-26 00:00:00,JENB,0.0052342153445534
2024-11-26 01:00:00,JENB,0.0043681402081652
2024-11-26 02:00:00,JENB,0.0037808864368255
2024-11-26 03:00:00,JENB,0.0278547832947116
2024-11-26 04:00:00,JENB,0.3682913712695543
2024-11-26 05:00:00,JENB,1.3636562614950902
2024-11-26 06:00:00,JENB,2.9861441088796923
2024-11-26 07:00:00,JENB,5.144503875624114
2024-11-26 08:00:00,JENB,7.933879863403321
2024-11-26 09:00:00,JENB,11.197528279730331
2024-11-26 10:00:00,JENB,14.557067732187546
2024-11-26 11:00:00,JENB,17.490415855198126
2024-11-26 12:00:00,JENB,19.92075311043209
2024-11-26 13:00:00,JENB,21.92960002422033
2024-11-26 14:00:00,JENB,23.40264497134157
2024-11-26 15:00:00,JENB,24.47256253114665
2024-11-26 16:00:00,JENB,25.22115390419903
2024-11-26 17:00:00,JENB,25.80844248766575
2024-11-26 18:00:00,JENB,26.309982619813333
2024-11-26 19:00:00,JENB,26.721366647473527
2024-11-26 20:00:00,JENB,27.0499354460442
2024-11-26 21:00:00,JENB,27.28601645030765
2024-11-26 22:00:00,JENB,27.432068620778946
2024-11-26 23:00:00,JENB,27.510890183863093
2024-11-27 00:00:00,JENB,27.552683766970954
2024-11-27 01:00:00,JENB,22.97585550732756
2024-11-27 02:00:00,JENB,18.390256152746343
2024-11-27 03:00:00,JENB,13.805673464709514
2024-11-27 04:00:00,JENB,9.225920420812246
2024-11-27 05:00:00,JENB,4.653961758840879
2024-11-27 06:00:00,JENB,0.0898973826818153
2024-11-27 07:00:00,JENB,0.1289331950482973
2024-11-27 08:00:00,JENB,0.1657975638239119
2024-11-27 09:00:00,JENB,0.1983268685014924
2024-11-27 10:00:00,JENB,0.2251278223372042
2024-11-27 11:00:00,JENB,0.2439308184157607
2024-11-27 12:00:00,JENB,0.2535044780539821
2024-11-27 13:00:00,JENB,0.2552403936276063
2024-11-27 14:00:00,JENB,0.2552410010866056
2024-11-27 15:00:00,JENB,0.2552416085456049
2024-11-27 16:00:00,JENB,0.2552422160046043
2024-11-27 17:00:00,JENB,0.2552428234636036
2024-11-27 18:00:00,JENB,0.2552428234636036
2024-11-27 19:00:00,JENB,0.2552428234636036
2024-11-27 20:00:00,JENB,0.2552428234636036
2024-11-27 21:00:00,JENB,0.2552428234636036
2024-11-27 22:00:00,JENB,0.2553399190755412
2024-11-27 23:00:00,JENB,0.255528599845637
2024-11-28 00:00:00,JENB,0.255718611688581
2024-11-28 01:00:00,JENB,0.2132328216110567
2024-11-28 02:00:00,JENB,0.1707532932012534
2024-11-28 03:00:00,JENB,0.1285214195491062
2024-11-28 04:00:00,JENB,0.1133012423415487
2024-11-28 05:00:00,JENB,0.2185127610825225
2024-11-28 06:00:00,JENB,0.5849725031064916
2024-11-28 07:00:00,JENB,1.425722656576271
2024-11-28 08:00:00,JENB,2.5384621644111256
2024-11-28 09:00:00,JENB,4.285483020582011
2024-11-28 10:00:00,JENB,7.266423347052942
2024-11-28 11:00:00,JENB,12.281423650137928
2024-11-28 12:00:00,JENB,19.00054376892625
2024-11-28 13:00:00,JENB,26.78541386501962
2024-11-28 14:00:00,JENB,35.54056838136583
2024-11-28 15:00:00,JENB,44.50852011494078
2024-11-28 16:00:00,JENB,52.56234364725464
2024-11-28 17:00:00,JENB,58.56833724699523
2024-11-28 18:00:00,JENB,62.67951260100766
2024-11-28 19:00:00,JENB,65.30932840735248
2024-11-28 20:00:00,JENB,66.73755948277109
2024-11-28 21:00:00,JENB,67.38978654427665
2024-11-28 22:00:00,JENB,67.80602425962138
2024-11-28 23:00:00,JENB,68.20502015063325
2024-11-29 00:00:00,JENB,68.60309293952167
2024-11-29 01:00:00,JENB,57.38843642561468
2024-11-29 02:00:00,JENB,46.16175141908002
2024-11-29 03:00:00,JENB,34.8842863978935
2024-11-29 04:00:00,JENB,23.515201387937637
2024-11-29 05:00:00,JENB,12.087606768847332
2024-11-29 06:00:00,JENB,0.6174019871294699
2024-11-29 07:00:00,JENB,0.7654418853063055
2024-11-29 08:00:00,JENB,0.8956618961003404
2024-11-29 09:00:00,JENB,1.0087506388427765
2024-11-29 10:00:00,JENB,1.1092219841501276
2024-11-29 11:00:00,JENB,1.182701279845523
2024-11-29 12:00:00,JENB,1.229619245718219
2024-11-29 13:00:00,JENB,1.2550167953288625
2024-11-29 14:00:00,JENB,1.2695674195905553
2024-11-29 15:00:00,JENB,1.2807014903477727
2024-11-29 16:00:00,JENB,1.285168241482119
2024-11-29 17:00:00,JENB,1.2856456815080275
2024-11-29 18:00:00,JENB,1.2857317530224666
2024-11-29 19:00:00,JENB,1.2863419835247032
2024-11-29 20:00:00,JENB,1.2877219306056331
2024-11-29 21:00:00,JENB,1.2891690156579867
2024-11-29 22:00:00,JENB,1.2906630870308091
2024-11-29 23:00:00,JENB,1.2921392895895658
2024-11-30 00:00:00,JENB,1.2935571724290824
2024-11-30 01:00:00,JENB,1.078675271638643
2024-11-30 02:00:00,JENB,0.8630900533876611
2024-11-30 03:00:00,JENB,0.6475383519821508
2024-11-30 04:00:00,JENB,0.4319372655665119
2024-11-30 05:00:00,JENB,0.2163645400000414
2024-11-30 06:00:00,JENB,0.0008232199271842
2024-11-30 07:00:00,JENB,0.0010622763326474
2024-11-30 08:00:00,JENB,0.0012349336199596
2024-11-30 09:00:00,JENB,0.0013125658889457
2024-11-30 10:00:00,JENB,0.0013865877402136
2024-11-30 11:00:00,JENB,0.0014295865966167
2024-11-30 12:00:00,JENB,0.0014343384327787
2024-11-30 13:00:00,JENB,0.0014343384327787
2024-11-30 14:00:00,JENB,0.0014343384327787
2024-11-30 15:00:00,JENB,0.0014343384327787
2024-11-30 16:00:00,JENB,0.0014343384327787
2024-11-30 17:00:00,JENB,0.0014343384327787
2024-11-30 18:00:00,JENB,0.001424452261706
2024-11-30 19:00:00,JENB,0.0014145660906334
2024-11-30 20:00:00,JENB,0.0014046799195607
2024-11-30 21:00:00,JENB,0.001394793748488
2024-11-30 22:00:00,JENB,0.0013849075774153
2024-11-30 23:00:00,JENB,0.0013750214063426
2024-12-01 00:00:00,JENB,0.0013750214063426
2024-12-01 01:00:00,JENB,0.0011458511719522
2024-12-01 02:00:00,JENB,0.0009166809375617
2024-12-01 03:00:00,JENB,0.0006875107031713
2024-12-01 04:00:00,JENB,0.0004583404687808
2024-12-01 05:00:00,JENB,0.0002291702343904
2024-12-01 06:00:00,JENB,0.0
2024-12-01 07:00:00,JENB,0.0
2024-12-01 08:00:00,JENB,0.0
2024-12-01 09:00:00,JENB,0.0
2024-12-01 10:00:00,JENB,0.0
2024-12-01 11:00:00,JENB,0.0
2024-12-01 12:00:00,JENB,0.0
2024-12-01 13:00:00,JENB,0.0008583068620282
2024-12-01 14:00:00,JENB,0.0017166137240565
2024-12-01 15:00:00,JENB,0.0025749205860847
2024-12-01 16:00:00,JENB,0.003433227448113
2024-12-01 17:00:00,JENB,0.0042915343101412
2024-12-01 18:00:00,JENB,0.0051498411721695
2024-12-01 19:00:00,JENB,0.0060021876606697
2024-12-01 20:00:00,JENB,0.007715821311649
2024-12-01 21:00:00,JENB,0.0094324351493924
2024-12-01 22:00:00,JENB,0.0120013944524544
2024-12-01 23:00:00,JENB,0.0154397897631497
2024-12-02 00:00:00,JENB,0.018872994587582
2024-12-02 01:00:00,JENB,0.0171623412370536
2024-12-02 02:00:00,JENB,0.014590400724046
2024-12-02 03:00:00,JENB,0.0120154800242744
2024-12-02 04:00:00,JENB,0.0085882138591841
2024-12-02 05:00:00,JENB,0.0042915116864605
2024-12-02 06:00:00,JENB,0.0
2024-12-02 07:00:00,JENB,0.0
2024-12-02 08:00:00,JENB,0.0
2024-12-02 09:00:00,JENB,0.0
2024-12-02 10:00:00,JENB,0.0
2024-12-02 11:00:00,JENB,0.0
2024-12-02 12:00:00,JENB,0.0
2024-12-02 13:00:00,JENB,0.0
2024-12-02 14:00:00,JENB,0.0
2024-12-02 15:00:00,JENB,0.0
2024-12-02 16:00:00,JENB,0.0
2024-12-02 17:00:00,JENB,0.0
2024-12-02 18:00:00,JENB,0.0
2024-12-02 19:00:00,JENB,0.0599323347553736
2024-12-02 20:00:00,JENB,0.1320187018688224
2024-12-02 21:00:00,JENB,0.2241407122745818
2024-12-02 22:00:00,JENB,0.3597342359916716
2024-12-02 23:00:00,JENB,0.5836951774588248
2024-12-03 00:00:00,JENB,0.9356393112242436
2024-12-03 01:00:00,JENB,0.9838823744396838
2024-12-03 02:00:00,JENB,1.1993440210566102
2024-12-03 03:00:00,JENB,1.624721807623254
2024-12-03 04:00:00,JENB,2.314188283296206
2024-12-03 05:00:00,JENB,3.3635734285858816
2024-12-03 06:00:00,JENB,4.8789199467088284
2024-12-03 07:00:00,JENB,7.485572312990273
2024-12-03 08:00:00,JENB,10.75993509702178
2024-12-03 09:00:00,JENB,14.497868439122858
2024-12-03 10:00:00,JENB,18.56614077713943
2024-12-03 11:00:00,JENB,22.79384468442249
2024-12-03 12:00:00,JENB,26.96141165996394
2024-12-03 13:00:00,JENB,30.67945327465188
2024-12-03 14:00:00,JENB,33.83566974750266
2024-12-03 15:00:00,JENB,36.51397240109353
2024-12-03 16:00:00,JENB,38.66102035217685
2024-12-03 17:00:00,JENB,40.25253646227503
2024-12-03 18:00:00,JENB,41.34332228101635
2024-12-03 19:00:00,JENB,42.05333337475667
2024-12-03 20:00:00,JENB,42.50095527525615
2024-12-03 21:00:00,JENB,42.77374227964237
2024-12-03 22:00:00,JENB,42.991512691403024
2024-12-03 23:00:00,JENB,43.22553643597331
2024-12-04 00:00:00,JENB,43.520048381197405
2024-12-04 01:00:00,JENB,36.48070974046298
2024-12-04 02:00:00,JENB,29.503857427354543
2024-12-04 03:00:00,JENB,22.549781778037595
2024-12-04 04:00:00,JENB,15.60609455102662
2024-12-04 05:00:00,JENB,8.692726384809584
2024-12-04 06:00:00,JENB,1.8312939495067408
2024-12-04 07:00:00,JENB,2.4069077486278965
2024-12-04 08:00:00,JENB,3.048447848926618
2024-12-04 09:00:00,JENB,3.768181783420113
2024-12-04 10:00:00,JENB,4.526416049870297
2024-12-04 11:00:00,JENB,5.323019298123578
2024-12-04 12:00:00,JENB,6.277379372447511
2024-12-04 13:00:00,JENB,7.6354404583342355
2024-12-04 14:00:00,JENB,9.29305865969676
2024-12-04 15:00:00,JENB,10.967517174708458
2024-12-04 16:00:00,JENB,12.78448135864923
2024-12-04 17:00:00,JENB,14.753066238722312
2024-12-04 18:00:00,JENB,16.684272727044643
2024-12-04 19:00:00,JENB,18.36634563036171
2024-12-04 20:00:00,JENB,19.702034737542924
2024-12-04 21:00:00,JENB,21.00108061199602
2024-12-04 22:00:00,JENB,22.150265084696457
2024-12-04 23:00:00,JENB,23.0545536321538
2024-12-05 00:00:00,JENB,23.715475733079945
2024-12-05 01:00:00,JENB,20.00609009369501
2024-12-05 02:00:00,JENB,16.1943008067617
2024-12-05 03:00:00,JENB,12.26188852499703
2024-12-05 04:00:00,JENB,8.23727435245119
2024-12-05 05:00:00,JENB,4.16959303419867
2024-12-05 06:00:00,JENB,0.0801389890700466
2024-12-05 07:00:00,JENB,0.0865682334641767
2024-12-05 08:00:00,JENB,0.091033103057419
2024-12-05 09:00:00,JENB,0.0942420949935409
2024-12-05 10:00:00,JENB,0.0969237422977706
2024-12-05 11:00:00,JENB,0.098820573364634
2024-12-05 12:00:00,JENB,0.0999768699178552
2024-12-05 13:00:00,JENB,0.1005575157270068
2024-12-05 14:00:00,JENB,0.1010515373102838
2024-12-05 15:00:00,JENB,0.1014832265362947
2024-12-05 16:00:00,JENB,0.1014832265362947
2024-12-05 17:00:00,JENB,0.1014832265362947
2024-12-05 18:00:00,JENB,0.1015296731849303
2024-12-05 19:00:00,JENB,0.1220785666478511
2024-12-05 20:00:00,JENB,0.143611285365307
2024-12-05 21:00:00,JENB,0.165968901765166
2024-12-05 22:00:00,JENB,0.1884840266564503
2024-12-05 23:00:00,JENB,0.2117146086491348
2024-12-06 00:00:00,JENB,0.2439610178919655
2024-12-06 01:00:00,JENB,0.2117041269242915
2024-12-06 02:00:00,JENB,0.1784953284933997
2024-12-06 03:00:00,JENB,0.1454742071971796
2024-12-06 04:00:00,JENB,0.3602865376024463
2024-12-06 05:00:00,JENB,1.3439165570339435
2024-12-06 06:00:00,JENB,2.9472440379796314
2024-12-06 07:00:00,JENB,5.432297305071126
2024-12-06 08:00:00,JENB,9.519727196526276
2024-12-06 09:00:00,JENB,15.499440395408632
2024-12-06 10:00:00,JENB,22.90764314309515
2024-12-06 11:00:00,JENB,30.033658846363707
2024-12-06 12:00:00,JENB,36.794632192664
2024-12-06 13:00:00,JENB,43.006741914565374
2024-12-06 14:00:00,JENB,48.11213593063534
2024-12-06 15:00:00,JENB,51.611896140264086
2024-12-06 16:00:00,JENB,53.57736719953145
2024-12-06 17:00:00,JENB,55.20308114038639
2024-12-06 18:00:00,JENB,56.6353788769796
2024-12-06 19:00:00,JENB,57.97185136988032
2024-12-06 20:00:00,JENB,59.0025058727412
2024-12-06 21:00:00,JENB,59.98270706501772
2024-12-06 22:00:00,JENB,61.0575636086146
2024-12-06 23:00:00,JENB,62.14044219606284
2024-12-07 00:00:00,JENB,63.214063066288965
2024-12-07 01:00:00,JENB,53.19276881237597
2024-12-07 02:00:00,JENB,42.98489976706783
2024-12-07 03:00:00,JENB,32.53999686670583
2024-12-07 04:00:00,JENB,21.858255618641643
2024-12-07 05:00:00,JENB,11.020911229800728
2024-12-07 06:00:00,JENB,0.1225317462528167
2024-12-07 07:00:00,JENB,0.12646753671595
2024-12-07 08:00:00,JENB,0.1271109690079653
2024-12-07 09:00:00,JENB,0.1275794911351457
2024-12-07 10:00:00,JENB,0.1280396510084458
2024-12-07 11:00:00,JENB,0.1285081731356262
2024-12-07 12:00:00,JENB,0.1293051788736722
2024-12-07 13:00:00,JENB,0.1323415591594965
2024-12-07 14:00:00,JENB,0.1369320470100936
2024-12-07 15:00:00,JENB,0.1415238659335389
2024-12-07 16:00:00,JENB,0.1473729838531817
2024-12-07 17:00:00,JENB,0.1626974871858395
2024-12-07 18:00:00,JENB,0.2191906357072532
2024-12-07 19:00:00,JENB,0.524906437828068
2024-12-07 20:00:00,JENB,1.136941136122514
2024-12-07 21:00:00,JENB,2.1002944053996
2024-12-07 22:00:00,JENB,3.395378023255666
2024-12-07 23:00:00,JENB,5.054014094354529
2024-12-08 00:00:00,JENB,7.162088201073979
2024-12-08 01:00:00,JENB,7.500648637807362
2024-12-08 02:00:00,JENB,8.397636019200778
2024-12-08 03:00:00,JENB,10.00052841843494
2024-12-08 04:00:00,JENB,12.21631992636253
2024-12-08 05:00:00,JENB,14.67867306592991
2024-12-08 06:00:00,JENB,17.02514571896463
2024-12-08 07:00:00,JENB,21.32856347781792
2024-12-08 08:00:00,JENB,25.04486115695669
2024-12-08 09:00:00,JENB,27.9292793483838
2024-12-08 10:00:00,JENB,30.05083805453461
2024-12-08 11:00:00,JENB,31.72147618335398
2024-12-08 12:00:00,JENB,33.19773031515123
2024-12-08 13:00:00,JENB,34.442990505771334
2024-12-08 14:00:00,JENB,35.66799085597726
2024-12-08 15:00:00,JENB,37.04175661829623
2024-12-08 16:00:00,JENB,38.81105907474894
2024-12-08 17:00:00,JENB,40.96472528804406
2024-12-08 18:00:00,JENB,43.53135664596543
2024-12-08 19:00:00,JENB,46.49806341385224
2024-12-08 20:00:00,JENB,49.76101650651313
2024-12-08 21:00:00,JENB,53.11326912539409
2024-12-08 22:00:00,JENB,56.28983661819484
2024-12-08 23:00:00,JENB,59.25697261947846
2024-12-09 00:00:00,JENB,61.98804537301827
2024-12-09 01:00:00,JENB,53.19104132404151
2024-12-09 02:00:00,JENB,44.21367690642346
2024-12-09 03:00:00,JENB,35.10954257510495
2024-12-09 04:00:00,JENB,25.947922559362265
2024-12-09 05:00:00,JENB,16.849194931289656
2024-12-09 06:00:00,JENB,7.842679987592262
2024-12-09 07:00:00,JENB,10.150795901539505
2024-12-09 08:00:00,JENB,12.49590319051685
2024-12-09 09:00:00,JENB,14.776574734583884
2024-12-09 10:00:00,JENB,16.869912961458134
2024-12-09 11:00:00,JENB,18.68301267645429
2024-12-09 12:00:00,JENB,20.14541709281426
2024-12-09 13:00:00,JENB,21.29951586932017
2024-12-09 14:00:00,JENB,22.120200760754816
2024-12-09 15:00:00,JENB,22.739677292752123
2024-12-09 16:00:00,JENB,23.31074635379263
2024-12-09 17:00:00,JENB,23.877865807345987
2024-12-09 18:00:00,JENB,24.44815217419017
2024-12-09 19:00:00,JENB,25.03552493712475
2024-12-09 20:00:00,JENB,25.65876719976009
2024-12-09 21:00:00,JENB,26.33231656225536
2024-12-09 22:00:00,JENB,27.012314954092822
2024-12-09 23:00:00,JENB,27.681715046753208
2024-12-10 00:00:00,JENB,28.335312448569415
2024-12-10 01:00:00,JENB,23.95025854246138
2024-12-10 02:00:00,JENB,19.494805535011487
2024-12-10 03:00:00,JENB,14.94847903463404
2024-12-10 04:00:00,JENB,10.298329599138109
2024-12-10 05:00:00,JENB,5.545497928372021
2024-12-10 06:00:00,JENB,0.7120054263315643
2024-12-10 07:00:00,JENB,0.8232799615639326
2024-12-10 08:00:00,JENB,0.8957259940798317
2024-12-10 09:00:00,JENB,0.9400795702945196
2024-12-10 10:00:00,JENB,0.9727701143131416
2024-12-10 11:00:00,JENB,0.9967124699357068
2024-12-10 12:00:00,JENB,1.01503777955871
2024-12-10 13:00:00,JENB,1.0248021556048763
2024-12-10 14:00:00,JENB,1.0298221994297898
2024-12-10 15:00:00,JENB,1.0335089481854074
2024-12-10 16:00:00,JENB,1.037121090402336
2024-12-10 17:00:00,JENB,1.041250050534256
2024-12-10 18:00:00,JENB,1.0474919636331137
2024-12-10 19:00:00,JENB,1.054833844173477
2024-12-10 20:00:00,JENB,1.075244577854351
2024-12-10 21:00:00,JENB,1.1060582025035248
2024-12-10 22:00:00,JENB,1.140848830165985
2024-12-10 23:00:00,JENB,1.178895372933783
2024-12-11 00:00:00,JENB,1.2153697846956584
2024-12-11 01:00:00,JENB,1.0360203029405777
2024-12-11 02:00:00,JENB,0.8489795908786439
2024-12-11 03:00:00,JENB,0.6524982369327854
2024-12-11 04:00:00,JENB,0.4523049381167133
2024-12-11 05:00:00,JENB,0.2484249317774322
2024-12-11 06:00:00,JENB,0.0443310975316306
2024-12-11 07:00:00,JENB,0.0546737569520314
2024-12-11 08:00:00,JENB,0.0609062275520329
2024-12-11 09:00:00,JENB,0.0669945109997471
2024-12-11 10:00:00,JENB,0.0728955166607284
2024-12-11 11:00:00,JENB,0.0788227141172288
2024-12-11 12:00:00,JENB,0.0844797181482818
2024-12-11 13:00:00,JENB,0.0893124519142537
2024-12-11 14:00:00,JENB,0.0929436920816595
2024-12-11 15:00:00,JENB,0.0965641781151431
2024-12-11 16:00:00,JENB,0.1005372505258087
2024-12-11 17:00:00,JENB,0.104657395876644
2024-12-11 18:00:00,JENB,0.108816814438794
2024-12-11 19:00:00,JENB,0.1144199409466355
2024-12-11 20:00:00,JENB,0.1207109563969367
2024-12-11 21:00:00,JENB,0.1261753187580181
2024-12-11 22:00:00,JENB,0.1313101625873438
2024-12-11 23:00:00,JENB,0.1364546090016534
2024-12-12 00:00:00,JENB,0.1417804802195958
2024-12-12 01:00:00,JENB,0.1206913523704458
2024-12-12 02:00:00,JENB,0.0989175401171081
2024-12-12 03:00:00,JENB,0.0763078120569647
2024-12-12 04:00:00,JENB,0.0531723637734548
2024-12-12 05:00:00,JENB,0.0295551073980611
2024-12-12 06:00:00,JENB,0.0055537797021752
2024-12-12 07:00:00,JENB,0.0065434659283369
2024-12-12 08:00:00,JENB,0.0077255033566474
2024-12-12 09:00:00,JENB,0.0088311431387766
2024-12-12 10:00:00,JENB,0.0098157002415513
2024-12-12 11:00:00,JENB,0.0107202202417142
2024-12-12 12:00:00,JENB,0.0115466420048582
2024-12-12 13:00:00,JENB,0.012164289207468
2024-12-12 14:00:00,JENB,0.0139483192777617
2024-12-12 15:00:00,JENB,0.0156598000606022
2024-12-12 16:00:00,JENB,0.0173806699558872
2024-12-12 17:00:00,JENB,0.0191015398511721
2024-12-12 18:00:00,JENB,0.0216747563225458
2024-12-12 19:00:00,JENB,0.0242885283184687
2024-12-12 20:00:00,JENB,0.0252325993104471
2024-12-12 21:00:00,JENB,0.0262039095150031
2024-12-12 22:00:00,JENB,0.027316293311493
2024-12-12 23:00:00,JENB,0.0285664355026634
2024-12-13 00:00:00,JENB,0.0296970641725024
2024-12-13 01:00:00,JENB,0.0251180792948593
2024-12-13 02:00:00,JENB,0.0205284565421062
2024-12-13 03:00:00,JENB,0.0159148922716596
2024-12-13 04:00:00,JENB,0.0111559980367754
2024-12-13 05:00:00,JENB,0.0062593454072106
2024-12-13 06:00:00,JENB,0.0006298597228886
2024-12-13 07:00:00,JENB,0.0016125727983904
2024-12-13 08:00:00,JENB,0.0027041098050718
2024-12-13 09:00:00,JENB,0.003792349116869
2024-12-13 10:00:00,JENB,0.0048805884286663
2024-12-13 11:00:00,JENB,0.0059688277404635
2024-12-13 12:00:00,JENB,0.0070570670522607
2024-12-13 13:00:00,JENB,0.007202165627167
2024-12-13 14:00:00,JENB,0.007202165627167
2024-12-13 15:00:00,JENB,0.007202165627167
2024-12-13 16:00:00,JENB,0.00718897484763
2024-12-13 17:00:00,JENB,0.0071757840680931
2024-12-13 18:00:00,JENB,0.0071625932885562
2024-12-13 19:00:00,JENB,0.0071494025090192
2024-12-13 20:00:00,JENB,0.0071362117294823
2024-12-13 21:00:00,JENB,0.0071230209499454
2024-12-13 22:00:00,JENB,0.0071230209499454
2024-12-13 23:00:00,JENB,0.0071801893788436
2024-12-14 00:00:00,JENB,0.007440011301231
2024-12-14 01:00:00,JENB,0.0064163312662997
2024-12-14 02:00:00,JENB,0.0056177771280874
2024-12-14 03:00:00,JENB,0.0051379935964476
2024-12-14 04:00:00,JENB,0.0051120029774187
2024-12-14 05:00:00,JENB,0.0053756956774179
2024-12-14 06:00:00,JENB,0.0054692321354094
2024-12-14 07:00:00,JENB,0.031117337026016
2024-12-14 08:00:00,JENB,0.0645603962561734
2024-12-14 09:00:00,JENB,0.1035167470452535
2024-12-14 10:00:00,JENB,0.1471926572979936
2024-12-14 11:00:00,JENB,0.2000095889598734
2024-12-14 12:00:00,JENB,0.2697078808397758
2024-12-14 13:00:00,JENB,0.3357748802808273
2024-12-14 14:00:00,JENB,0.4220555441853687
2024-12-14 15:00:00,JENB,0.5609596136260909
2024-12-14 16:00:00,JENB,0.8236623761801969
2024-12-14 17:00:00,JENB,1.2939046967886814
2024-12-14 18:00:00,JENB,2.029481594852598
2024-12-14 19:00:00,JENB,2.827943136721679
2024-12-14 20:00:00,JENB,3.666322785083161
2024-12-14 21:00:00,JENB,4.599022121617988
2024-12-14 22:00:00,JENB,5.624377869657137
2024-12-14 23:00:00,JENB,6.729783168994518
2024-12-15 00:00:00,JENB,7.87784643754641
2024-12-15 01:00:00,JENB,7.250677369510822
2024-12-15 02:00:00,JENB,6.818014475199639
2024-12-15 03:00:00,JENB,6.636962630674322
2024-12-15 04:00:00,JENB,6.666171019682307
2024-12-15 05:00:00,JENB,6.695254798043237
2024-12-15 06:00:00,JENB,6.71438772266245
2024-12-15 07:00:00,JENB,8.831579987254887
2024-12-15 08:00:00,JENB,11.037147947108233
2024-12-15 09:00:00,JENB,13.16747989983492
2024-12-15 10:00:00,JENB,15.215949048243534
2024-12-15 11:00:00,JENB,17.332994075005683
2024-12-15 12:00:00,JENB,19.37456297800865
2024-12-15 13:00:00,JENB,21.101186221509444
2024-12-15 14:00:00,JENB,22.51867368619429
2024-12-15 15:00:00,JENB,23.616292040158285
2024-12-15 16:00:00,JENB,24.370234770729127
2024-12-15 17:00:00,JENB,24.76258893379002
2024-12-15 18:00:00,JENB,24.917340377894
2024-12-15 19:00:00,JENB,24.98286393626605
2024-12-15 20:00:00,JENB,25.02496361394085
2024-12-15 21:00:00,JENB,25.13082741671071
2024-12-15 22:00:00,JENB,25.329956152823424
2024-12-15 23:00:00,JENB,25.608379168643435
2024-12-16 00:00:00,JENB,25.932752068653716
2024-12-16 01:00:00,JENB,21.781760253460394
2024-12-16 02:00:00,JENB,17.646973386725325
2024-12-16 03:00:00,JENB,13.465876942615356
2024-12-16 04:00:00,JENB,9.23305842550699
2024-12-16 05:00:00,JENB,4.997711937006748
2024-12-16 06:00:00,JENB,0.8039872683289245
2024-12-16 07:00:00,JENB,1.4621148184329058
2024-12-16 08:00:00,JENB,2.2975392545001445
2024-12-16 09:00:00,JENB,3.2001142503120006
2024-12-16 10:00:00,JENB,4.073915341574253
2024-12-16 11:00:00,JENB,4.86789596750511
2024-12-16 12:00:00,JENB,5.57245934792028
2024-12-16 13:00:00,JENB,5.898391177088314
2024-12-16 14:00:00,JENB,6.012783573143657
2024-12-16 15:00:00,JENB,6.033322271172336
2024-12-16 16:00:00,JENB,6.034741750590102
2024-12-16 17:00:00,JENB,6.035275704317636
2024-12-16 18:00:00,JENB,6.0357784918665365
2024-12-16 19:00:00,JENB,6.036247451091108
2024-12-16 20:00:00,JENB,6.036279948342589
2024-12-16 21:00:00,JENB,6.036279948342589
2024-12-16 22:00:00,JENB,6.036279948342589
2024-12-16 23:00:00,JENB,6.036279948342589
2024-12-17 00:00:00,JENB,6.036279948342589
2024-12-17 01:00:00,JENB,5.030233290285491
2024-12-17 02:00:00,JENB,4.024186632228393
2024-12-17 03:00:00,JENB,3.0181399741712944
2024-12-17 04:00:00,JENB,2.0120933161141963
2024-12-17 05:00:00,JENB,1.006046658057098
2024-12-17 06:00:00,JENB,0.0
2024-12-17 07:00:00,JENB,0.0
2024-12-17 08:00:00,JENB,0.0
2024-12-17 09:00:00,JENB,0.0
2024-12-17 10:00:00,JENB,0.0
2024-12-17 11:00:00,JENB,0.0
2024-12-17 12:00:00,JENB,0.0
2024-12-17 13:00:00,JENB,0.0
2024-12-17 14:00:00,JENB,0.0004351138045421
2024-12-17 15:00:00,JENB,0.0008702276090843
2024-12-17 16:00:00,JENB,0.0013053414136265
2024-12-17 17:00:00,JENB,0.0017404552181687
2024-12-17 18:00:00,JENB,0.0025957817797461
2024-12-17 19:00:00,JENB,0.003455466583091
2024-12-17 20:00:00,JENB,0.0038800375818937
2024-12-17 21:00:00,JENB,0.0043046085806963
2024-12-17 22:00:00,JENB,0.004729179579499
2024-12-17 23:00:00,JENB,0.0051537505783016
2024-12-18 00:00:00,JENB,0.0051581088200691
2024-12-18 01:00:00,JENB,0.0042984240167243
2024-12-18 02:00:00,JENB,0.0034387392133794
2024-12-18 03:00:00,JENB,0.0025790544100345
2024-12-18 04:00:00,JENB,0.0017193696066897
2024-12-18 05:00:00,JENB,0.0008596848033448
2024-12-18 06:00:00,JENB,0.0
2024-12-18 07:00:00,JENB,0.0
2024-12-18 08:00:00,JENB,0.0
2024-12-18 09:00:00,JENB,0.0004351138045421
2024-12-18 10:00:00,JENB,0.0008702276090843
2024-12-18 11:00:00,JENB,0.0013053414136265
2024-12-18 12:00:00,JENB,0.0025928016498255
2024-12-18 13:00:00,JENB,0.0038802618860245
2024-12-18 14:00:00,JENB,0.0051677221222234
2024-12-18 15:00:00,JENB,0.0060200685538802
2024-12-18 16:00:00,JENB,0.006872414985537
2024-12-18 17:00:00,JENB,0.0077326411046713
2024-12-18 18:00:00,JENB,0.0077490727004334
2024-12-18 19:00:00,JENB,0.0077713936040363
2024-12-18 20:00:00,JENB,0.0078009353430755
2024-12-18 21:00:00,JENB,0.0078635398047912
2024-12-18 22:00:00,JENB,0.0079329857931346
2024-12-18 23:00:00,JENB,0.0080017729294368
2024-12-19 00:00:00,JENB,0.0080530378112109
2024-12-19 01:00:00,JENB,0.006743256671409
2024-12-19 02:00:00,JENB,0.0054262546961709
2024-12-19 03:00:00,JENB,0.0040761899982561
2024-12-19 04:00:00,JENB,0.0027192837737138
2024-12-19 05:00:00,JENB,0.0013551567137351
2024-12-19 06:00:00,JENB,0.0
2024-12-19 07:00:00,JENB,0.0
2024-12-19 08:00:00,JENB,0.0
2024-12-19 09:00:00,JENB,0.0
2024-12-19 10:00:00,JENB,0.0
2024-12-19 11:00:00,JENB,0.0001851409418348
2024-12-19 12:00:00,JENB,0.0012249489483037
2024-12-19 13:00:00,JENB,0.011179652884086
2024-12-19 14:00:00,JENB,0.0598120568073161
2024-12-19 15:00:00,JENB,0.4614755627879106
2024-12-19 16:00:00,JENB,1.291349986924776
2024-12-19 17:00:00,JENB,2.4834453800958656
2024-12-19 18:00:00,JENB,4.0292170613262845
2024-12-19 19:00:00,JENB,5.940533064721011
2024-12-19 20:00:00,JENB,9.994197833270158
2024-12-19 21:00:00,JENB,16.810195789072495
2024-12-19 22:00:00,JENB,24.672771337353915
2024-12-19 23:00:00,JENB,32.98255176286969
2024-12-20 00:00:00,JENB,42.16687902875658
2024-12-20 01:00:00,JENB,41.37559511438171
2024-12-20 02:00:00,JENB,39.62888496774749
2024-12-20 03:00:00,JENB,35.89545398524152
2024-12-20 04:00:00,JENB,31.351335396982517
2024-12-20 05:00:00,JENB,26.40527809083421
2024-12-20 06:00:00,JENB,20.48890006095676
2024-12-20 07:00:00,JENB,24.483954463818705
2024-12-20 08:00:00,JENB,27.436600177144644
2024-12-20 09:00:00,JENB,29.456978292978405
2024-12-20 10:00:00,JENB,31.05625099007956
2024-12-20 11:00:00,JENB,32.554248201548106
2024-12-20 12:00:00,JENB,34.05962518142516
2024-12-20 13:00:00,JENB,35.47187667059247
2024-12-20 14:00:00,JENB,36.94076130453075
2024-12-20 15:00:00,JENB,38.414001740801886
2024-12-20 16:00:00,JENB,39.83532585109845
2024-12-20 17:00:00,JENB,41.06636498233158
2024-12-20 18:00:00,JENB,42.14596935001615
2024-12-20 19:00:00,JENB,43.06125720358935
2024-12-20 20:00:00,JENB,43.79463667157408
2024-12-20 21:00:00,JENB,44.375915266609134
2024-12-20 22:00:00,JENB,44.79309680982172
2024-12-20 23:00:00,JENB,45.10034595131067
2024-12-21 00:00:00,JENB,45.293643332395554
2024-12-21 01:00:00,JENB,37.84138683335839
2024-12-21 02:00:00,JENB,30.331536275227126
2024-12-21 03:00:00,JENB,22.77344941581801
2024-12-21 04:00:00,JENB,15.189503905498784
2024-12-21 05:00:00,JENB,7.59963536986463
2024-12-21 06:00:00,JENB,0.0092475424896123
2024-12-21 07:00:00,JENB,0.012141864253596
2024-12-21 08:00:00,JENB,0.0152960771645596
2024-12-21 09:00:00,JENB,0.01854293149405
2024-12-21 10:00:00,JENB,0.0206748802892531
2024-12-21 11:00:00,JENB,0.0225504514979571
2024-12-21 12:00:00,JENB,0.0241949982257016
2024-12-21 13:00:00,JENB,0.0252728101863502
2024-12-21 14:00:00,JENB,0.0257684875651108
2024-12-21 15:00:00,JENB,0.0257770394733953
2024-12-21 16:00:00,JENB,0.0257852120728712
2024-12-21 17:00:00,JENB,0.0257933846723471
2024-12-21 18:00:00,JENB,0.0258015572718229
2024-12-21 19:00:00,JENB,0.0258186610883921
2024-12-21 20:00:00,JENB,0.0258426064315888
2024-12-21 21:00:00,JENB,0.0258562862949042
2024-12-21 22:00:00,JENB,0.0261903449392286
2024-12-21 23:00:00,JENB,0.0491232962375398
2024-12-22 00:00:00,JENB,0.2118217417039736
2024-12-22 01:00:00,JENB,0.4380018773886724
2024-12-22 02:00:00,JENB,0.8243086169912253
2024-12-22 03:00:00,JENB,1.3086852123665775
2024-12-22 04:00:00,JENB,1.9127025496838712
2024-12-22 05:00:00,JENB,2.791598248537538
2024-12-22 06:00:00,JENB,3.868368868374944
2024-12-22 07:00:00,JENB,4.938021580158745
2024-12-22 08:00:00,JENB,6.00085130035438
2024-12-22 09:00:00,JENB,7.250201983970476
2024-12-22 10:00:00,JENB,8.834609966536942
2024-12-22 11:00:00,JENB,10.864264710479498
2024-12-22 12:00:00,JENB,13.437156907774936
2024-12-22 13:00:00,JENB,16.86108755875108
2024-12-22 14:00:00,JENB,21.102453098120392
2024-12-22 15:00:00,JENB,25.78636914508795
2024-12-22 16:00:00,JENB,30.97838920209692
2024-12-22 17:00:00,JENB,36.37094276500245
2024-12-22 18:00:00,JENB,41.3465058813586
2024-12-22 19:00:00,JENB,45.6216430733424
2024-12-22 20:00:00,JENB,49.036808586367
2024-12-22 21:00:00,JENB,51.78066355840308
2024-12-22 22:00:00,JENB,53.62669251027526
2024-12-22 23:00:00,JENB,54.60497550495703
2024-12-23 00:00:00,JENB,55.32298477374128
2024-12-23 01:00:00,JENB,46.62446627431977
2024-12-23 02:00:00,JENB,38.25044961788468
2024-12-23 03:00:00,JENB,30.20239030765229
2024-12-23 04:00:00,JENB,22.465017709516378
2024-12-23 05:00:00,JENB,14.890497672987916
2024-12-23 06:00:00,JENB,7.23834086679077
2024-12-23 07:00:00,JENB,8.88114048218593
2024-12-23 08:00:00,JENB,10.115642687119598
2024-12-23 09:00:00,JENB,10.976329412851127
2024-12-23 10:00:00,JENB,11.466212208625755
2024-12-23 11:00:00,JENB,11.73134803177592
2024-12-23 12:00:00,JENB,11.916571065356266
2024-12-23 13:00:00,JENB,12.082659772244288
2024-12-23 14:00:00,JENB,12.291055276632749
2024-12-23 15:00:00,JENB,12.595175653271353
2024-12-23 16:00:00,JENB,13.118019678015076
2024-12-23 17:00:00,JENB,13.98962754241442
2024-12-23 18:00:00,JENB,15.370369151125002
2024-12-23 19:00:00,JENB,17.437556285954614
2024-12-23 20:00:00,JENB,20.057632151692733
2024-12-23 21:00:00,JENB,23.03272048364233
2024-12-23 22:00:00,JENB,26.34390750717453
2024-12-23 23:00:00,JENB,29.86684757506624
2024-12-24 00:00:00,JENB,33.23218678660328
2024-12-24 01:00:00,JENB,29.4866938403298
2024-12-24 02:00:00,JENB,25.687772449363173
2024-12-24 03:00:00,JENB,22.004340252086863
2024-12-24 04:00:00,JENB,18.32521048698769
2024-12-24 05:00:00,JENB,14.670935583325578
2024-12-24 06:00:00,JENB,11.118152508536
2024-12-24 07:00:00,JENB,14.593466974096629
2024-12-24 08:00:00,JENB,17.913566997238526
2024-12-24 09:00:00,JENB,21.052104681870794
2024-12-24 10:00:00,JENB,23.983273866073404
2024-12-24 11:00:00,JENB,26.52435780616175
2024-12-24 12:00:00,JENB,28.753865812571124
2024-12-24 13:00:00,JENB,30.514411508252408
2024-12-24 14:00:00,JENB,32.037333850650505
2024-12-24 15:00:00,JENB,33.26682626055272
2024-12-24 16:00:00,JENB,34.24669294609818
2024-12-24 17:00:00,JENB,35.11432334999511
2024-12-24 18:00:00,JENB,35.872997391197885
2024-12-24 19:00:00,JENB,36.49287868460664
2024-12-24 20:00:00,JENB,36.99079959749684
2024-12-24 21:00:00,JENB,37.436961027833206
2024-12-24 22:00:00,JENB,37.79964441374254
2024-12-24 23:00:00,JENB,38.06917658632492
2024-12-25 00:00:00,JENB,38.26082298332968
2024-12-25 01:00:00,JENB,31.97448643167523
2024-12-25 02:00:00,JENB,25.63466726786768
2024-12-25 03:00:00,JENB,19.24746669702968
2024-12-25 04:00:00,JENB,12.836478582379256
2024-12-25 05:00:00,JENB,6.422003460108333
2024-12-25 06:00:00,JENB,0.0068588872125676
2024-12-25 07:00:00,JENB,0.0076009075307269
2024-12-25 08:00:00,JENB,0.0079569269105685
2024-12-25 09:00:00,JENB,0.0082916270032665
2024-12-25 10:00:00,JENB,0.0085740039670828
2024-12-25 11:00:00,JENB,0.0088272289333832
2024-12-25 12:00:00,JENB,0.0090859078710081
2024-12-25 13:00:00,JENB,0.0092055227329638
2024-12-25 14:00:00,JENB,0.0092467473758067
2024-12-25 15:00:00,JENB,0.0092535324199795
2024-12-25 16:00:00,JENB,0.0092603174641524
2024-12-25 17:00:00,JENB,0.0092671025083252
2024-12-25 18:00:00,JENB,0.0092671025083252
2024-12-25 19:00:00,JENB,0.0092671025083252
2024-12-25 20:00:00,JENB,0.0092671025083252
2024-12-25 21:00:00,JENB,0.0092671025083252
2024-12-25 22:00:00,JENB,0.0092671025083252
2024-12-25 23:00:00,JENB,0.0092671025083252
2024-12-26 00:00:00,JENB,0.0092671025083252
2024-12-26 01:00:00,JENB,0.0077225854236043
2024-12-26 02:00:00,JENB,0.0061780683388834
2024-12-26 03:00:00,JENB,0.0046335512541626
2024-12-26 04:00:00,JENB,0.0030890341694417
2024-12-26 05:00:00,JENB,0.0015445170847208
2024-12-26 06:00:00,JENB,0.0
2024-12-26 07:00:00,JENB,0.0
2024-12-26 08:00:00,JENB,0.0
2024-12-26 09:00:00,JENB,0.0
2024-12-26 10:00:00,JENB,0.0
2024-12-26 11:00:00,JENB,0.0
2024-12-26 12:00:00,JENB,0.0004351138045421
2024-12-26 13:00:00,JENB,0.0008702276090843
2024-12-26 14:00:00,JENB,0.0013053414136265
2024-12-26 15:00:00,JENB,0.0017404552181687
2024-12-26 16:00:00,JENB,0.0021755690227109
2024-12-26 17:00:00,JENB,0.0026106828272531
2024-12-26 18:00:00,JENB,0.0026106828272531
2024-12-26 19:00:00,JENB,0.0026106828272531
2024-12-26 20:00:00,JENB,0.0026106828272531
2024-12-26 21:00:00,JENB,0.0026106828272531
2024-12-26 22:00:00,JENB,0.0026106828272531
2024-12-26 23:00:00,JENB,0.0034645681239453
2024-12-27 00:00:00,JENB,0.0043186031462028
2024-12-27 01:00:00,JENB,0.0038834893416606
2024-12-27 02:00:00,JENB,0.0034483755371184
2024-12-27 03:00:00,JENB,0.0030132617325762
2024-12-27 04:00:00,JENB,0.002578147928034
2024-12-27 05:00:00,JENB,0.0012891488267996
2024-12-27 06:00:00,JENB,0.0
2024-12-27 07:00:00,JENB,0.0
2024-12-27 08:00:00,JENB,0.0
2024-12-27 09:00:00,JENB,0.0
2024-12-27 10:00:00,JENB,0.0
2024-12-27 11:00:00,JENB,0.0
2024-12-27 12:00:00,JENB,0.0
2024-12-27 13:00:00,JENB,0.0008523463179699
2024-12-27 14:00:00,JENB,0.0017046926359398
2024-12-27 15:00:00,JENB,0.0025570389539097
2024-12-27 16:00:00,JENB,0.0034093852718797
2024-12-27 17:00:00,JENB,0.0042617315898496
2024-12-27 18:00:00,JENB,0.0051140779078195
2024-12-27 19:00:00,JENB,0.0051140779078195
2024-12-27 20:00:00,JENB,0.0051140779078195
2024-12-27 21:00:00,JENB,0.005114077964663
2024-12-27 22:00:00,JENB,0.0051140780215064
2024-12-27 23:00:00,JENB,0.0051140780783498
2024-12-28 00:00:00,JENB,0.0051140781351932
2024-12-28 01:00:00,JENB,0.0042617318172233
2024-12-28 02:00:00,JENB,0.0034093854992534
2024-12-28 03:00:00,JENB,0.00255703912444
2024-12-28 04:00:00,JENB,0.0017046927496267
2024-12-28 05:00:00,JENB,0.0008523463748133
2024-12-28 06:00:00,JENB,0.0
2024-12-28 07:00:00,JENB,0.0
2024-12-28 08:00:00,JENB,0.0
2024-12-28 09:00:00,JENB,0.0
2024-12-28 10:00:00,JENB,0.0
2024-12-28 11:00:00,JENB,0.0
2024-12-28 12:00:00,JENB,0.0
2024-12-28 13:00:00,JENB,0.0
2024-12-28 14:00:00,JENB,0.0
2024-12-28 15:00:00,JENB,0.0
2024-12-28 16:00:00,JENB,0.0
2024-12-28 17:00:00,JENB,0.0
2024-12-28 18:00:00,JENB,0.0
2024-12-28 19:00:00,JENB,0.0
2024-12-28 20:00:00,JENB,0.0
2024-12-28 21:00:00,JENB,0.0
2024-12-28 22:00:00,JENB,0.0
2024-12-28 23:00:00,JENB,0.0
2024-12-29 00:00:00,JENB,0.0
2024-12-29 01:00:00,JENB,0.0
2024-12-29 02:00:00,JENB,0.0
2024-12-29 03:00:00,JENB,0.0
2024-12-29 04:00:00,JENB,0.0
2024-12-29 05:00:00,JENB,0.0
2024-12-29 06:00:00,JENB,0.0
2024-12-29 07:00:00,JENB,0.0
2024-12-29 08:00:00,JENB,0.0
2024-12-29 09:00:00,JENB,0.0
2024-12-29 10:00:00,JENB,0.0
2024-12-29 11:00:00,JENB,0.0
2024-12-29 12:00:00,JENB,0.0
2024-12-29 13:00:00,JENB,0.0
2024-12-29 14:00:00,JENB,0.0
2024-12-29 15:00:00,JENB,0.0
2024-12-29 16:00:00,JENB,0.0
2024-12-29 17:00:00,JENB,0.0
2024-12-29 18:00:00,JENB,0.0
2024-12-29 19:00:00,JENB,0.0
2024-12-29 20:00:00,JENB,0.0008583068620282
2024-12-29 21:00:00,JENB,0.0017166137240565
2024-12-29 22:00:00,JENB,0.0025749205860847
2024-12-29 23:00:00,JENB,0.003433227448113
2024-12-30 00:00:00,JENB,0.0042915343101412
2024-12-30 01:00:00,JENB,0.0042915343101412
2024-12-30 02:00:00,JENB,0.003433227448113
2024-12-30 03:00:00,JENB,0.0025749205860847
2024-12-30 04:00:00,JENB,0.0017166137240565
2024-12-30 05:00:00,JENB,0.0008583068620282
2024-12-30 06:00:00,JENB,0.0
2024-12-30 07:00:00,JENB,0.0
2024-12-30 08:00:00,JENB,0.0
2024-12-30 09:00:00,JENB,0.0
2024-12-30 10:00:00,JENB,0.0
2024-12-30 11:00:00,JENB,0.0
2024-12-30 12:00:00,JENB,0.0
2024-12-30 13:00:00,JENB,0.0
2024-12-30 14:00:00,JENB,0.0
2024-12-30 15:00:00,JENB,0.0
2024-12-30 16:00:00,JENB,0.0
2024-12-30 17:00:00,JENB,0.0
2024-12-30 18:00:00,JENB,0.0
2024-12-30 19:00:00,JENB,0.0
2024-12-30 20:00:00,JENB,0.0
2024-12-30 21:00:00,JENB,0.0
2024-12-30 22:00:00,JENB,0.0
2024-12-30 23:00:00,JENB,0.0008583068620282
2024-12-31 00:00:00,JENB,0.0017166137240565
2024-12-31 01:00:00,JENB,0.0017166137240565
2024-12-31 02:00:00,JENB,0.0017166137240565
2024-12-31 03:00:00,JENB,0.0017166137240565
2024-12-31 04:00:00,JENB,0.0017166137240565
2024-12-31 05:00:00,JENB,0.0008583068620282
2024-12-31 06:00:00,JENB,0.0
2024-12-31 07:00:00,JENB,0.0
2024-12-31 08:00:00,JENB,0.0
2024-12-31 09:00:00,JENB,0.0
2024-12-31 10:00:00,JENB,0.0
2024-12-31 11:00:00,JENB,0.0
2024-12-31 12:00:00,JENB,0.0
2024-12-31 13:00:00,JENB,0.0
2024-12-31 14:00:00,JENB,0.0
2024-12-31 15:00:00,JENB,0.0
2024-12-31 16:00:00,JENB,0.0
2024-12-31 17:00:00,JENB,0.0
2024-12-31 18:00:00,JENB,0.0
2024-12-31 19:00:00,JENB,0.0
2024-12-31 20:00:00,JENB,0.0
2024-12-31 21:00:00,JENB,0.0
2024-12-31 22:00:00,JENB,0.0
2024-12-31 23:00:00,JENB,0.0
